17.0599762507 1.13941581334 1
16.2677953429 12.7453336329 1
19.5884708479 14.3702349224 1
13.9691370459 16.0055062554 1
5.25183771089 14.1619434608 1
9.22782535249 9.45220751748 0
3.46637499519 16.234167726 1
15.4374591471 11.983757189 0
17.127926385 0.963528641136 1
12.2461915469 6.6394649829 0
4.27125431271 11.0064880392 0
15.3607011556 15.1714108302 1
4.0653817689 15.0339201067 1
6.16412219697 16.6142792212 1
6.16904419201 19.7193851958 1
14.6739985239 0.616855274512 1
15.3417335251 8.17848568325 0
17.4610310244 14.7680370274 1
2.03104627146 17.603213032 1
9.73117646147 17.4670214642 1
5.80432557208 1.9150202421 1
7.17792439304 8.18322321438 0
9.88531611161 18.2269734839 1
17.3014509761 1.66180125012 1
8.12530322937 12.7896964486 0
5.17173744669 15.62402389 1
18.0101600237 5.02904126324 1
2.11348163326 17.3754521131 1
14.2045449415 13.5571565208 0
15.4944793998 3.09867469795 1
7.05347399133 16.869767729 1
1.19796155003 8.55674572727 1
15.3372411152 7.13442233319 1
16.0508602794 4.63937236976 1
1.84646614722 17.2834309307 1
15.5564726144 6.00567128127 1
14.4437299111 6.44898364131 0
18.9187697737 18.4539009836 1
14.82283115 5.76224746332 1
9.50306460662 13.6200440905 0
3.16442485599 3.88568241642 1
4.35226520754 3.57200674845 1
5.83193520272 19.2637041398 1
19.5030183892 14.4552716355 1
11.9536570954 5.53794530677 0
16.2356325383 13.903475607 1
5.15620904548 9.2925721385 0
8.26064917691 17.4031801801 1
18.7260615942 11.5014213373 1
19.8780483025 7.64481372849 1
9.90556043345 1.07710706153 1
10.9012242656 4.64068604408 0
2.84368845773 11.0120542471 1
19.5809391454 12.1884769321 1
5.52934782786 16.9752178129 1
10.0372597272 6.6402606858 0
12.0918641381 3.27433148683 1
15.1602389241 2.16414671079 1
12.2003278607 17.3349820795 1
2.99227147268 15.4287658985 1
9.27322411839 11.9880589854 0
1.74475395591 7.43822897368 1
16.0775515122 10.860003919 1
0.503926472529 17.9050530655 1
8.42071091945 6.14112819965 0
15.523695921 1.3400444598 1
17.3102790888 11.6328990093 1
8.67137193645 3.01181708 1
13.366297361 9.3649766199 0
15.9442370405 3.54282656054 1
5.57561789026 17.9261389547 1
15.8193206406 18.4064192415 1
7.21734677652 16.751615256 1
9.5827412411 15.1345152867 0
12.8112808341 2.99474701127 1
17.3423101754 4.6911471732 1
5.36263338284 16.8905072726 1
14.6227164153 6.98861971779 0
18.6357264341 7.25398399706 1
19.8523589439 12.0807888462 1
14.9617338761 3.98450695728 1
0.738049863734 6.29811267513 1
17.8096982526 0.582218527509 1
15.477910283 0.711619271527 1
6.66405147021 16.5536704282 1
4.84282244302 17.6868705731 1
14.1863375945 5.50181624723 1
5.617509055 19.9013952049 1
3.53078492831 3.07791522045 1
17.1487587852 14.5021825054 1
9.14978671758 19.6669423561 1
16.8669148394 13.3885191351 1
9.48648915034 16.6679730776 1
1.8718705015 19.2385780674 1
2.1279796498 16.7817488116 1
5.58874958423 12.8438296857 0
16.0503175062 0.8091529712 1
1.83006546429 14.4675068971 1
10.3986391821 17.3025514165 1
15.6410824692 3.49170476594 1
18.9981949006 17.6482747774 1
0.696916493603 3.77003592377 1
10.7087318607 7.73963942178 0
13.3556818202 8.50216307718 0
5.23511475752 19.8813700003 1
18.2386047919 5.60597605391 1
11.9494836048 2.65028816428 1
1.38630252611 0.617977526038 1
14.8285477518 15.4637051762 1
12.5308902006 15.0361162369 0
1.15661360471 4.07672641477 1
6.40143973611 17.1431277026 1
2.44782291622 19.3147855263 1
5.74691614722 10.6343942424 0
9.15082106703 12.0759845436 0
9.93271182623 15.8738366493 0
4.12045589472 1.50058396388 1
15.5804312078 10.5682796652 0
5.63044145333 12.0906260721 0
5.5408122716 13.8617220739 0
6.89323783679 12.3423249415 0
6.70693513296 4.3929510307 1
3.75548127089 2.40032763128 1
15.8958961231 17.1660444507 1
0.0159228795524 14.212724911 1
11.2884234459 15.7905623936 0
16.4218339981 1.58701464923 1
19.4738117031 15.2007112958 1
9.67441962639 1.30856817941 1
8.50718144289 15.7179946108 0
16.7861557112 7.73790204346 1
2.186003351 13.5211097498 1
19.5962288282 13.9966285957 1
11.2477693479 11.7252047768 0
17.4373103975 8.0991009804 1
14.0098141474 1.55862608247 1
7.93249258471 3.69898034387 1
11.0818550105 1.09201061132 1
2.5930590363 10.1580789615 1
10.540400461 12.5554496042 0
4.65044636023 7.13507470565 1
3.98230094944 19.0417431783 1
13.0900894907 2.25636584696 1
2.48814456572 6.93697546362 1
14.1297306938 9.37021052706 0
15.1680673155 12.7111962501 0
18.1450286499 0.619708917506 1
1.75357833407 3.16267195656 1
4.9851747624 11.8426540423 0
0.476548157178 1.07964642312 1
7.78452707625 5.22833492484 0
7.01003543985 6.19926074324 0
9.70078098486 12.6604516222 0
18.1488289553 15.6171977687 1
10.6662766143 14.8984698024 0
17.4541158224 5.71952722451 1
2.31192790041 9.77048329984 1
15.0066772256 4.30886419428 1
12.8035269008 9.03622694958 0
6.62387120086 16.4207570592 1
19.5297977631 3.14049863732 1
19.3830662619 18.997960642 1
9.8491035915 15.5025917923 0
14.897346664 13.7082481369 1
0.0311252964431 7.50742008904 1
11.2370506369 7.64467383938 0
6.4422201502 10.740226044 0
4.04138583734 12.985795867 1
11.8464214845 3.0578586722 1
15.1982316446 15.7248954734 1
2.60746958907 12.9244372618 1
9.44460919939 1.0722282995 1
13.9362396244 1.64627949727 1
1.23531101217 7.07717822607 1
15.7201702514 11.9725370556 1
2.68474524107 1.71807411639 1
15.2713041902 6.64195613165 1
11.6862658208 17.7026340119 1
11.2223283786 3.54076494925 1
15.3047409939 4.86851607481 1
16.7098933937 9.53670020919 1
13.0007198439 3.77107902831 1
5.31094304815 18.4462836719 1
2.51544587055 1.96411713237 1
13.6042443177 4.30372641003 1
11.3733652793 8.31758216834 0
12.1946704454 17.9656501465 1
4.60297556902 8.28814200301 0
7.77555489433 2.13616827307 1
2.71718260155 19.1326237482 1
8.92233939503 7.56296538545 0
6.72023418128 7.2280853402 0
4.13446320422 12.9529517603 1
15.2913124496 9.8511846101 0
3.09648577885 2.41316365753 1
9.15257630266 12.0698572503 0
14.9289893906 6.49763014889 1
16.5879422468 6.7749565861 1
11.5501383192 2.64092185325 1
3.7166023489 8.96912003628 1
15.5843939339 8.59474981351 0
6.25744302584 8.1920773731 0
4.17983432537 11.5574663992 1
3.76421481524 12.6344336624 1
13.6500841123 4.84500490094 1
17.3412059893 12.4528616535 1
3.55564852003 18.077874487 1
12.1911045005 3.77564721838 1
9.99816830624 5.42583443136 0
17.3194814888 13.9295168646 1
4.12461906623 11.9127370577 1
18.6932689364 10.4486497891 1
8.83791165125 16.1777239457 1
12.0122147423 10.4608139049 0
3.38887760225 7.35938437829 1
3.41393826152 3.60849650186 1
2.42755773645 6.19360500192 1
16.0804125542 9.8841117703 1
1.37668223555 14.7739829049 1
1.24477995556 10.3656733137 1
12.5339901114 8.70850106768 0
4.62817709513 18.886213896 1
17.0332200867 4.61469928592 1
11.155068759 18.6964866688 1
9.14124950902 3.13032340892 1
1.4508700806 2.71080104127 1
12.913427829 15.5124541718 1
1.81426934939 8.31192595748 1
10.2926451213 1.92842037583 1
1.12676373238 18.6846071414 1
2.52142356295 9.02994956697 1
16.1124129862 11.8232060832 1
16.695640399 0.968715278476 1
5.71520863708 3.78848603816 1
11.9180361105 0.31812329731 1
16.8729320446 18.3428853632 1
11.753665923 13.2014450721 0
6.47022390599 6.87601649138 0
6.76782868552 9.90120238032 0
5.61910345848 5.57620058656 1
17.8352185457 4.95754228107 1
11.0240158534 11.3623924065 0
17.3841926786 2.63437983349 1
11.4571330252 3.282510739 1
7.64860031248 16.6297141937 1
17.0033006575 19.0446148668 1
5.35543958701 8.9368705888 0
6.40423702974 8.76131846004 0
17.5203847308 14.7048665969 1
16.0975845848 14.7613972988 1
3.29467855236 7.27812248249 1
17.7061385876 0.406239171711 1
13.9244596408 11.4988709184 0
2.96528946006 17.4755432452 1
17.3486616144 5.14643462988 1
2.62586423892 6.47726643284 1
2.85724643354 16.8310427128 1
14.4027754328 10.0470448177 0
1.84255189086 7.82997003917 1
0.155880210933 3.65959972503 1
7.39020007014 9.21138473524 0
2.5738906929 4.5079529849 1
9.01278990171 12.992627769 0
10.3501819381 2.91068063435 1
14.3936730906 19.9164513251 1
4.47911744594 12.1651327065 0
11.9151359106 2.6568709179 1
7.52012144114 1.39494234329 1
6.24126943774 9.29828687441 0
9.15570991198 8.17080103591 0
6.32648489126 7.8202574722 0
2.75883594621 12.8130777054 1
5.38674940854 17.6721355473 1
0.523615059208 16.7270213997 1
0.887379937024 11.5528334895 1
11.7463037201 14.9012199689 0
16.9074482447 5.83553336136 1
4.61918109405 6.29282780275 1
14.929469856 5.61605009627 1
10.2953803592 2.30694218046 1
11.230201373 16.2833034228 1
12.0862490934 11.3452043762 0
6.43290143728 12.5465087287 0
7.72482925119 17.7892437605 1
15.2535393585 4.83607724778 1
18.5718181326 2.81718988962 1
2.0196949567 16.8586533449 1
17.3897837101 5.91958632813 1
14.5814932581 19.4701845015 1
2.30956932351 8.72665746762 1
0.486500744805 12.389001112 1
16.2488354932 13.2260126031 1
15.3844963816 6.75346812415 1
16.1682401004 6.46570911986 1
18.7691200705 2.99693589021 1
12.5253364613 8.50255196649 0
5.68694634405 18.3218881058 1
6.02913350599 13.38288237 0
7.35305700351 6.62573582404 0
18.8101838876 13.1735136748 1
16.7895132504 4.72974412995 1
18.0585616695 7.6225736165 1
10.1628700442 6.12167304689 0
11.0560393147 17.7291354973 1
5.66819588685 15.0367707203 1
18.666995308 13.1729786288 1
19.2806086756 13.6358906834 1
13.0178741728 16.4164666608 1
14.8361938536 16.471387038 1
17.1230556169 1.05068414059 1
10.362210698 5.43982176784 0
5.42176511124 15.9799610415 1
18.1600266252 15.4243341815 1
1.64753589227 3.26756552478 1
3.24974606293 0.560826877232 1
12.2738839662 7.33174277541 0
12.3286938007 10.8736655467 0
0.828027178301 10.929390908 1
12.5635364669 12.588634625 0
3.73465588689 2.62294187622 1
2.13672977424 11.0559128531 1
0.222258858731 9.39893167429 1
4.6138874644 19.6074996821 1
15.4223987479 0.61228191208 1
12.3604221041 4.23378298557 1
17.3190510454 12.8743914952 1
17.7804269072 8.63813593203 1
4.4398053951 15.2219828545 1
17.4708600216 10.8575934928 1
6.25571963734 18.1703860154 1
15.7714252011 13.4681782912 1
1.63723451282 7.2018097343 1
14.6446749895 0.969550166676 1
3.97985462988 11.5613257229 1
4.65324823067 17.7565729298 1
16.185303912 16.6504165428 1
12.6225463446 4.72914012372 0
7.73474609989 15.029227148 0
1.39655976471 1.27607813528 1
4.30340312577 9.672350135 0
9.51608245224 5.36642556 0
6.72238055837 3.45059427737 1
3.68322163422 14.00188204 1
9.30996110754 11.5962518137 0
11.5122869047 11.7192483162 0
10.0525267313 3.49830815682 1
0.360206997157 8.5258667801 1
3.53852192214 15.2087546413 1
16.6596310863 8.02950935285 1
6.47488115451 17.0265102824 1
8.87144638769 15.6831941052 0
11.3499919857 18.6242602181 1
18.0246884528 7.21070291261 1
17.8579122137 14.0561655638 1
4.32413867805 2.12930955912 1
18.9360082233 3.24257605534 1
16.3474571815 11.5728044 1
12.5805397527 0.306507324243 1
17.8355434319 9.75443859699 1
1.02138783358 13.7031343462 1
6.24944774851 17.8732370432 1
8.89645363918 14.1189434897 0
5.08995964449 6.46381743763 1
5.36099807373 10.7374325004 0
12.3192159271 8.29183233014 0
3.62723835245 15.5129483841 1
17.6085759809 19.3709679664 1
6.66879962698 13.7101712088 0
6.04243246589 16.9546531872 1
11.4660954879 17.917126444 1
7.18407237639 15.7813539824 1
18.2458651851 16.6039969724 1
9.67151650608 11.1432634408 0
12.0405693627 15.6810434769 1
5.56956573472 19.0324752495 1
9.85555143862 3.5143093986 1
17.3339838885 3.09383352622 1
16.5160709714 14.9307692822 1
11.2432918573 12.8096917941 0
4.08930668575 7.88376177257 1
12.1712451098 16.2084976634 1
7.5395636952 7.74412092199 0
12.9561785962 0.960254837002 1
3.74047830644 7.15128479682 1
0.37027411342 13.4927257845 1
18.8790163308 18.3769026458 1
7.43011281713 12.0813503595 0
16.7201735174 6.85898527079 1
14.2980901391 12.7770101847 0
13.5305946034 0.43945872964 1
19.105351724 3.08784448723 1
8.67172778858 16.0190013067 1
13.7549670641 7.42158731395 0
19.3230985974 1.0192449145 1
9.24214337854 18.802554102 1
4.73028583875 4.00341143003 1
18.7648714135 1.32342091248 1
17.4394606754 6.56282446822 1
7.82051803519 0.605724499794 1
7.82050591568 12.3965440899 0
7.40711687484 8.57931035442 0
5.44942510618 0.120337268486 1
0.153701745589 10.3371290893 1
0.0656163654707 6.00439471623 1
13.2874856274 8.81162544935 0
5.55843610045 3.32744829264 1
6.06555734394 4.96921810512 1
10.214569632 11.870132541 0
11.3625305961 9.86421255713 0
5.24238000542 18.941356137 1
7.30807998314 7.53835028252 0
16.0115606927 14.4728339011 1
2.69448228637 0.598720628475 1
3.45770212603 15.5317639469 1
0.905358638471 3.13797705874 1
18.4230577157 10.95984541 1
2.17176154901 1.27360291651 1
7.53282094561 7.62353774177 0
15.4823852295 0.118125398391 1
3.18173815226 12.1395835496 1
6.73522150157 18.3325084919 1
6.75920242028 14.0497918634 0
7.26279365283 1.88643120339 1
13.4538038378 13.0178021354 0
8.56722214634 13.6424078815 0
2.80866149638 8.74388462342 1
5.97454280014 4.11492323587 1
1.92985318429 2.03335986112 1
12.2845724246 0.411763772627 1
8.31906236008 15.9302826607 1
1.82549976739 12.1092863788 1
15.3262308123 3.29449790411 1
2.93084960533 12.7893381438 1
0.557299861048 19.6108745067 1
18.9549355495 19.4073501513 1
12.74168354 3.27607095974 1
1.97721052471 6.98227844099 1
0.697912652723 13.2764418776 1
1.86227303979 11.1806876315 1
15.9924230978 19.6437625526 1
7.43790721461 17.4036925477 1
12.1705768925 14.8171013528 0
13.1212967734 13.2640910752 0
6.77274271459 6.16372633321 0
13.0018737692 8.21368259824 0
11.3927051486 17.3233284262 1
5.21798930326 14.9853517273 1
12.5661878722 10.7613882343 0
6.79366929711 17.6432947987 1
5.83868605987 12.7847934031 0
15.4292983695 10.4602757073 0
11.1320990232 11.9346487686 0
10.0071320122 8.50555284667 0
16.1799742919 17.3891508632 1
3.95187411355 12.1449656854 1
18.7114748756 12.9714203117 1
6.84849554927 16.6156440436 1
10.309999268 14.6351798984 0
19.9870440249 9.22314681105 1
1.60364304223 4.28108834468 1
13.053949979 4.58149140635 1
5.8966421428 10.5902340976 0
4.24815680463 6.66350357941 1
17.6006391467 12.7532911581 1
11.1153578805 15.763004087 0
1.20553822706 12.1802575861 1
12.192910376 16.6192452986 1
5.23809648633 12.0531685299 0
11.2604684564 19.6466485615 1
0.710076119576 13.8224680421 1
11.0488077589 12.5233208597 0
2.44101133145 4.4355549493 1
16.3853474397 8.71322131591 1
16.1702280835 8.47933010595 1
17.2931375478 5.19777506771 1
13.4048170846 9.64802030571 0
19.2512670864 2.8387042878 1
15.3683248598 0.289554009851 1
15.387389727 1.45943827135 1
10.9231461518 2.39997433761 1
13.3093688186 2.87785161125 1
18.3063924888 1.4427278233 1
12.1873943529 5.93192536819 0
7.87725662174 12.2583408733 0
10.3001982241 7.30751141638 0
0.972613974032 13.9641314733 1
12.8472404952 18.9418922046 1
4.70428210665 1.17913295555 1
7.15863122338 15.6391041277 1
5.22082771646 5.28499460081 1
4.59918497047 16.5430994298 1
14.3064020541 14.1282514688 0
17.8655190038 8.00153506203 1
10.4263014698 8.65720164821 0
18.1555101782 10.6551262857 1
9.2953921091 14.8310245853 0
3.35452787069 9.47307412761 1
4.90091565787 7.12898843033 0
5.95992511175 9.35507970653 0
12.1813313307 18.7116071205 1
15.9799973957 17.740123119 1
1.06902180936 12.7617669341 1
3.20505364685 7.52954133258 1
4.25794940119 1.61940784636 1
16.4435666143 12.2445015026 1
17.1550878877 19.2519376721 1
1.90407024549 1.30219973575 1
10.1909935092 5.02776723413 0
2.99005895965 12.858154536 1
13.3718184819 9.42592134525 0
13.1801050876 16.6654075079 1
8.20376831025 19.415902205 1
19.238186008 5.840441445 1
11.9811298454 4.75148376628 0
4.13523079999 4.37838476846 1
4.61333202596 16.1089863271 1
7.50260259827 10.9226463955 0
17.4271844466 7.4363097151 1
10.6673352518 11.8935275542 0
0.986461713256 4.14410056294 1
16.8389943519 6.80348019546 1
15.1664807728 11.3416668429 0
14.5029545401 0.0595787974155 1
10.3097543657 4.72626429265 0
16.8745675969 17.7452181008 1
9.22610823844 3.71998174743 1
17.3694205627 12.8171444518 1
11.5115751657 8.23894122739 0
16.6180103016 4.20251249339 1
4.82340717911 9.66094734578 0
10.2243596819 7.80583934751 0
13.6353201604 13.3244779507 0
10.9880725382 2.77888586535 1
9.11217326582 9.57410741734 0
8.30582824449 1.97141354695 1
15.9448141205 3.94521903304 1
11.0217538905 1.50712603554 1
3.97307589345 19.3270475518 1
8.84240428082 0.250488355167 1
13.4821267203 13.7506098489 0
5.48297022846 10.9821679823 0
13.5713160717 13.1778898038 0
0.783183617061 0.34216791431 1
2.01658900227 17.493262679 1
3.6006981732 11.9091869861 1
18.1827124142 11.9491566574 1
5.09536144784 7.12476044998 0
10.8876921793 2.99651158564 1
4.87881711475 17.1322026646 1
13.1681455606 3.29158543344 1
12.4651231837 19.0986256767 1
5.9525637033 5.80873450777 0
15.0572333306 6.37033599537 1
14.005035491 1.00133978121 1
19.5177361441 8.38151941694 1
0.566417242377 0.34470351339 1
17.7330283146 18.3023083553 1
13.8517498998 19.3817083779 1
9.10601435552 3.37240052996 1
4.06109041496 12.424888462 1
11.8029416326 6.54813605214 0
1.09805658253 12.1953095273 1
1.6983126215 10.6469731049 1
16.6539411103 11.882783793 1
0.229031295898 0.626414836582 1
10.6642216351 14.3610636412 0
1.81894611177 14.5062435184 1
18.0224254361 14.0153584026 1
18.9458345685 19.2695856886 1
13.7698726536 2.57020122498 1
8.24602057306 8.72354882478 0
6.15687520712 11.4292926473 0
3.39860685734 12.7032268091 1
18.6531104474 5.61661087449 1
7.6877326453 14.2891598394 0
12.9095891224 17.0449749551 1
8.72349248556 7.03138333655 0
19.5227857931 14.2469749296 1
4.99749085294 10.3149776464 0
0.860453080384 10.896267516 1
9.95772531871 6.76490451117 0
0.033306940911 6.13985783931 1
14.9231631641 15.6550357325 1
10.8910731066 17.0653927252 1
3.29422491915 17.6299699154 1
15.134987861 10.0076751728 0
3.42786777453 17.4963574582 1
12.7446481389 14.9760912582 0
12.1167292975 5.87081911348 0
11.5062815048 8.00486730623 0
2.4449651774 4.10656170044 1
15.9032190441 1.13550801486 1
19.8023913142 5.39270236314 1
5.49036278814 3.32988545177 1
2.95287200167 13.4876427451 1
8.41657035233 0.924893335882 1
10.3729978951 7.68813200842 0
5.35456853912 11.7572782532 0
5.23178674207 8.05037524688 0
19.7179201443 18.9584740025 1
1.08995142036 19.5976740175 1
6.97737340708 5.36901819622 0
6.67558776532 14.5217026946 0
13.2044411574 2.36088648378 1
15.6157045736 18.7888764413 1
8.03250071645 19.9445635811 1
2.31780565493 5.37241249023 1
14.7251482121 18.126475854 1
18.2598554774 11.4122100644 1
0.239917940998 6.00214100872 1
14.9046839085 9.77983251722 0
18.9365675916 19.5635083044 1
3.87899752923 16.3397421766 1
16.3476761606 12.7411613793 1
7.06302827683 5.98784217376 0
1.52742015574 5.81266093911 1
5.59701612767 14.3853195376 1
9.45957994043 4.26079554794 0
12.9567789774 18.4114553935 1
6.19082557579 18.6250722669 1
14.6352914886 11.7467998926 0
16.2254083513 6.50627051196 1
7.88810134106 17.28516975 1
15.2004851422 8.53829123434 0
9.01195044541 15.4364965422 0
17.9602282897 13.9363234526 1
12.0326889443 14.0241480653 0
19.2416303001 16.0640269651 1
10.4586171313 12.0445411412 0
0.316788481958 11.0572676183 1
16.9120402696 4.94323684893 1
12.8639288196 6.19519973352 0
10.2444852736 5.46821566814 0
11.806125322 14.1667043411 0
0.619297071555 8.95550023564 1
17.3430916255 16.0475810419 1
12.5177931828 15.1442742707 0
0.686163620891 18.7701995028 1
15.8521545108 13.8196341255 1
7.0405540641 9.25799210743 0
19.3598085167 0.725770046247 1
1.87649024429 6.43446846979 1
9.57105122844 9.61707619014 0
1.2750258656 10.1903034255 1
7.59923775251 15.8647819303 1
9.11714561477 1.50501462853 1
17.3297328655 13.9872667958 1
17.6919883882 11.1947139487 1
18.5684497652 13.2422341187 1
12.3633319044 17.8640307774 1
9.91038936699 5.07298200643 0
0.683951221013 10.4366952509 1
5.01555117392 6.82020771911 0
0.0778152706506 16.3146018205 1
14.373577138 1.53087991514 1
16.3933272867 16.5480748989 1
4.01696931441 17.9065762887 1
2.94349938918 10.8849964903 1
19.0520393378 3.69359884148 1
13.7061910268 6.06519947926 0
0.84220683583 7.69662823981 1
3.6548441177 18.6249999589 1
12.7112398655 10.0853831514 0
4.31968611241 9.8996823584 0
7.09016681986 11.2137718951 0
6.7337283874 9.91086163485 0
6.78203478172 18.3719090283 1
8.33258958822 9.62793931228 0
6.72675968543 9.46462086977 0
15.6096552484 18.5107961991 1
10.1079158753 11.5768754754 0
17.7636576706 6.75796661684 1
10.5501762577 19.5957598467 1
14.6573542901 13.6177078513 0
11.9965946663 0.171803772602 1
5.03256120663 6.5113492536 1
19.938339503 4.93460442437 1
8.98636225679 17.2983458306 1
0.364621315493 3.80612954065 1
9.88088913821 14.2233493755 0
3.18593152606 15.9828024862 1
18.7676018882 3.35570139776 1
17.255028225 18.2941018782 1
12.3716760922 6.75786524891 0
11.4617899591 10.8113903932 0
6.71061923823 6.11812161988 0
0.353763189739 14.8976762887 1
1.50219388645 3.99751641968 1
12.7220988478 10.9573638922 0
14.6361955087 10.0053503493 0
1.2265274454 14.0665282111 1
12.407849962 5.18033097073 0
14.15459433 0.769026924816 1
2.77118830318 13.2338608588 1
14.7176747952 11.4222593184 0
17.5309621233 5.61160614115 1
0.490990537073 7.1863711582 1
12.8531356005 18.2536354483 1
13.6688816573 7.81229721806 0
4.3849832039 2.14616481767 1
16.8021925031 8.82693334712 1
15.739875272 11.6570293011 0
14.2597805771 16.8221718379 1
5.42750531932 13.0780986038 0
13.1772659831 3.57212751197 1
15.1519117459 13.0243180749 0
1.31747548035 8.03508231257 1
12.5253770406 15.0191396107 0
19.6319265045 10.7967012354 1
0.827696141131 5.92262355848 1
9.61710450646 13.1454435765 0
4.64293445393 18.0138568725 1
0.713301645511 5.08382568514 1
1.96968121704 16.9011304062 1
6.21945997985 13.7653355369 0
13.5563197763 7.21217325783 0
19.7652450348 14.1385488699 1
1.74491757362 0.414231575388 1
8.66038494137 2.66256111472 1
16.5693200808 15.0482119242 1
2.62550742509 8.57205942195 1
16.9207800265 11.9028362341 1
5.48853352567 14.3865749625 1
13.4017516543 13.5436227564 0
8.59435908421 6.86520850629 0
10.7144056837 17.4803826703 1
16.8237152789 2.93764338079 1
18.596187957 11.1851803857 1
17.7811511423 9.01945229746 1
4.69528851674 7.35112772262 0
12.6049157359 12.9295844696 0
1.46764338316 13.8332992445 1
13.7260047395 15.3852291731 1
18.2798732119 9.98655992569 1
17.4645806443 0.0399071467046 1
17.6135636348 5.66276164413 1
5.63407149572 17.3430527435 1
10.2172431147 14.3948269248 0
2.09628925586 17.5001990083 1
14.1937764293 6.16296456929 0
11.5741730361 6.64641583293 0
13.2515860347 12.2195271659 0
19.7197682852 1.65236801141 1
12.115527631 1.06636497047 1
8.96696082402 5.96547874433 0
14.1038499246 1.2946929816 1
17.302430544 10.7484906304 1
12.1065513504 4.40998851555 0
3.08617696766 11.1312032631 1
19.1119089114 15.3190085298 1
17.8864986234 4.67211770572 1
4.50393330838 17.1025635673 1
19.0463776879 0.131181122565 1
9.72669541284 18.3245365144 1
18.8708167131 13.9550647266 1
12.4819545596 16.4650578481 1
3.75604209469 12.0052651498 1
7.67646471433 11.4890398818 0
9.8061460918 19.2578911862 1
9.64753381931 2.19435534513 1
17.355423252 11.9866207772 1
9.57792089036 1.13398979696 1
10.8122971433 16.6077683612 1
16.3672885597 11.3427667427 1
3.27217878603 11.2236608676 1
5.61491503212 9.52775749065 0
2.11702512328 6.30313022195 1
1.31225505347 8.28473783702 1
11.8951615796 0.637633522102 1
19.7228516401 17.3185143708 1
12.4106062919 12.5138269371 0
15.9505872247 16.4567541398 1
8.71803383781 4.49038570342 0
12.9578775908 19.015984925 1
10.6177038597 19.1045259436 1
2.2655369971 15.3389170227 1
8.36011283464 3.24071000646 1
12.8658122315 6.00918113434 0
1.8756440382 3.49757004173 1
17.540716134 9.13478103243 1
5.5680835634 13.8834224252 0
19.8087876779 5.38796351155 1
9.12578869269 2.67048160586 1
0.932329192294 18.3866616277 1
7.41400207489 10.5224978063 0
16.1744508877 0.14807977822 1
1.29159599885 0.601410035946 1
17.6707906708 1.59504709064 1
19.528241656 3.99604845209 1
19.9516198893 9.88863424656 1
2.92570899308 9.74334003475 1
16.3457379171 18.6644730234 1
2.85497316476 3.4392989043 1
19.4891306969 13.0923893893 1
14.4684064903 10.0519433407 0
1.99752226818 13.1737264141 1
1.69851066901 9.88865371421 1
15.9090094333 11.2814357637 1
6.82007785 15.0448172523 0
14.7465568586 0.0126638505106 1
5.2860321435 15.5544675273 1
19.3824007749 3.91060745537 1
3.76509495227 11.224211989 1
5.28585383093 2.46350591945 1
5.23227307983 14.0555543112 1
19.7509683068 11.0949369722 1
14.1833370476 5.52898682883 1
1.92032198196 14.716183343 1
15.7306498119 12.8590973794 1
17.260728924 16.63224829 1
2.18215290442 6.47625063355 1
7.28176504327 11.4403413422 0
19.7342042169 4.0881405896 1
19.6621735922 2.40062643417 1
9.56959131208 19.5626570516 1
16.5883204548 1.28067932781 1
10.5944923501 1.2942230046 1
9.49257941387 9.49355794283 0
14.3905663198 17.9266959198 1
5.43916450501 5.76140800113 1
12.5133096816 3.28016405371 1
14.5086849306 6.92960392338 0
6.1806539723 1.73748479432 1
1.6620164752 10.7450272336 1
10.8234664811 5.55223467328 0
17.1967293484 2.32179729103 1
7.60801067628 17.0323346638 1
16.1113675565 5.65845065253 1
9.97129941438 0.474599164033 1
19.9958023294 6.66084681997 1
2.94767400796 0.841124386874 1
19.9040072054 3.55172189209 1
19.1290161622 9.45709838495 1
0.165054534475 2.35193997505 1
16.3308215018 18.0697712817 1
15.9285611748 1.63434625375 1
7.93340516638 12.3493536622 0
6.17626459023 5.92083459446 0
15.875649423 2.12320567298 1
12.9740846827 15.1562025827 0
19.8008119715 3.50534063343 1
0.4926541979 4.77582366963 1
16.8102407846 17.995965566 1
15.1944402608 19.38628125 1
14.4033298724 16.019735658 1
10.5012502877 5.45839845987 0
18.9362188225 7.06601669696 1
2.22900537085 5.36951876464 1
19.8096785693 8.49316627805 1
14.4449278758 7.965046772 0
6.56651706993 6.78648761049 0
12.6971045124 4.11571544381 1
2.63017788854 6.43213690651 1
7.56275144446 0.0978073641877 1
10.309399257 16.8185323954 1
5.02895928355 1.2814124067 1
0.178900642376 0.444502364148 1
16.1855511909 19.3085035537 1
3.71022120791 9.87853517232 1
17.8352331175 6.25831727803 1
2.06596291096 9.13904178938 1
11.7245875821 6.74053772571 0
3.19507382471 19.1447978023 1
3.16847611944 10.0830886836 1
18.6563854679 1.17088353979 1
7.59666527822 2.4055973322 1
18.8344688102 6.8890375872 1
5.24013265602 18.3929641017 1
2.31287338398 5.3241519782 1
1.65005251809 15.2352977756 1
1.96010456488 14.5617738448 1
17.1546682153 9.81624813116 1
1.02099616873 15.741720499 1
16.0408677263 12.9541094507 1
8.18732272007 18.7367807617 1
8.08180212167 6.13686991586 0
8.33161772723 12.7771396393 0
15.8634780898 0.928751808373 1
19.9303171524 6.96977982635 1
3.18708851493 18.2067144569 1
16.6786430216 9.20461830409 1
14.1124231488 13.2504066235 0
16.6717028467 6.67366427601 1
6.64889853683 6.96380845198 0
6.80366747365 14.0554934239 0
12.5412881674 1.10414395305 1
4.91627737393 14.6379108409 1
9.31704032753 16.0577607006 1
16.7711283168 16.9629851083 1
6.51569433529 5.19609756742 0
7.27377941588 15.3918039825 1
5.40543995359 15.4593498536 1
4.3752469279 8.42661774447 0
0.768669504673 14.4343912449 1
1.46243041474 13.6270982158 1
3.76659689676 0.551947591953 1
6.7564510305 6.08638659165 0
1.85878220323 7.22379019318 1
18.4489010505 17.7476541523 1
6.86066089137 1.47608684636 1
1.50386742179 19.9280867439 1
0.872860699665 1.57286766166 1
17.5267595246 13.3214027295 1
0.904836553317 17.8044149979 1
12.9309793375 17.9644975916 1
14.8585509209 7.2580116648 0
13.7506259188 13.3244284599 0
13.6461757117 7.85625750256 0
18.408776073 7.64787287259 1
12.2067815072 4.18916668244 1
14.8660392335 17.0172491737 1
3.08227480103 5.95640081762 1
4.17063761086 18.2440561164 1
15.3742427279 0.855020918205 1
16.6040047819 0.986765786114 1
4.91166876879 0.910676880976 1
4.86947336397 6.3529469973 1
2.29252820651 15.8721412216 1
13.4259612891 11.1116579606 0
5.03034933018 5.0274618494 1
17.4596064331 1.12969998527 1
3.02799893484 12.6905277544 1
19.9605597446 9.62449500398 1
12.5835093671 7.56236757399 0
18.2200740956 6.45751791966 1
12.2571413208 9.0572064491 0
8.17577839969 3.72397012555 1
3.16998982144 4.22138711181 1
8.27901321094 7.65052263602 0
15.1543723396 4.01452207574 1
19.5074098924 7.97699017175 1
16.8263768703 5.434825278 1
4.90698760014 13.3134387542 1
10.2346594819 10.9903433604 0
5.9856925468 6.46541569762 0
13.0461967792 6.47105845146 0
14.5142634371 11.1551577586 0
17.0978517262 14.9224703857 1
18.5435201839 6.3752513875 1
18.7004958923 14.7949101611 1
19.2053782535 11.3413167741 1
16.1524806062 12.4453909592 1
6.57333505776 17.5258722047 1
11.0610647544 17.0165534464 1
13.4518663713 4.49595579401 1
3.1288370717 8.68418100408 1
17.2252382691 1.76648123452 1
5.99277610891 14.5745344304 1
18.0310684504 3.15813568389 1
19.2571305496 8.14231290634 1
2.48130759564 0.0564247627241 1
9.84055272227 8.96453497806 0
8.67402937063 3.31243102999 1
1.99451872964 12.7613436304 1
0.192980463096 14.4819273063 1
16.4697781375 10.8243058413 1
19.3139860751 11.9904806539 1
6.17362651172 8.01250966111 0
6.11214072521 2.47292516432 1
18.4030441313 9.59291234027 1
18.7020350283 8.60507590595 1
0.517636841842 0.922614862548 1
12.8049009952 7.0929921979 0
0.0440938012675 6.89316719892 1
5.02705112555 4.05565518498 1
1.05355070423 11.3559597849 1
4.48396006579 2.33121343229 1
5.15870908747 12.4013925734 0
8.65647569268 18.1792820533 1
4.23935861789 16.2562323494 1
18.8021700306 1.80676817539 1
5.36184193846 6.0511990639 1
6.99429556458 17.3538195015 1
12.1056830196 19.9058009263 1
13.8936839325 9.18247340184 0
11.7941582458 10.0463571439 0
14.4978948383 3.43129901458 1
16.9393635374 11.1143383979 1
4.42592516698 1.24520640447 1
15.9922455867 13.8164604959 1
10.1563234622 7.81948196041 0
3.29680999745 15.0788339327 1
19.8998283232 7.39208017842 1
7.55898292072 12.5422055216 0
15.1470504917 3.52966929429 1
10.4833861365 10.6531177997 0
17.7077731045 7.89198586726 1
3.38222635221 11.4943332518 1
13.126165246 3.19101415117 1
12.1527591716 1.72469679592 1
12.968599532 19.5758328701 1
19.6264322202 8.50804185909 1
16.7788459528 19.8495143221 1
2.38267816764 12.4727100525 1
16.2268241903 18.763328531 1
4.12232226917 2.88483796032 1
12.50398771 5.19455857101 0
13.8666909049 8.91337960745 0
0.902662641943 18.1707910826 1
13.1905888579 4.15071867357 1
14.1741338319 0.230407196313 1
5.46731653374 10.3060767617 0
11.593249413 2.38249958696 1
16.5649764386 16.3373989041 1
0.0799754217215 1.36829444256 1
12.3245520498 17.5531357585 1
4.49198688387 9.12683633686 0
13.7677217373 4.89730622465 1
7.42567874519 2.88563717315 1
6.48579814311 8.73764169816 0
19.5965990093 15.068286056 1
14.1020805146 3.73425089608 1
0.00876510008183 6.69642679655 1
7.97309585115 17.6200815857 1
17.3878232184 2.57447420034 1
0.735770277805 4.47999492503 1
2.12438287617 17.6892818219 1
17.7925115676 4.32124320469 1
7.30437279995 2.46356351617 1
8.35994999344 4.79815257454 0
9.4084126335 13.8831586017 0
8.8816798151 10.4694214956 0
17.314714988 2.4519193682 1
11.8563081367 18.7351295626 1
5.14750891843 4.41632198548 1
12.6608888979 3.9088946907 1
11.9794629039 12.3928837136 0
11.9683762092 7.93526971509 0
8.3202881972 8.31855071497 0
19.9043005588 4.28345090972 1
7.69804153189 3.71037060962 1
1.727608332 15.0677147848 1
3.7247406664 1.3787566229 1
15.3404239019 15.7112417518 1
11.5088905094 12.8407685555 0
17.9822972106 4.94537933675 1
15.2963402618 10.4380963571 0
9.15073517856 19.134658187 1
2.59498207697 19.9272467892 1
4.28125116693 12.2437524268 1
0.672107479784 6.67711367303 1
4.04524132962 11.8793120561 1
19.9940966617 15.2594373828 1
16.4521145675 18.5884790436 1
15.4964968547 12.7492509511 1
10.8841830563 18.5986304068 1
15.282232217 3.64610345829 1
3.96389209233 13.6521783364 1
0.913372626088 6.16417293299 1
15.0520583455 7.18067721326 0
19.1810126785 14.6217309343 1
1.44347538545 15.2448042141 1
10.3511604358 15.2812607382 0
18.2503044284 3.69666542978 1
6.49821635385 15.6374798526 1
2.81926336198 0.820970241207 1
7.20940284983 5.65437448121 0
4.65246544671 19.4462488472 1
8.20577313662 3.06563587179 1
2.62725825211 4.9132436669 1
16.7541357441 16.3461878537 1
0.331995060113 17.3347323634 1
14.7422039356 9.41291410352 0
10.0104359978 6.22861778599 0
11.7745636711 6.00013962461 0
3.4067614157 16.7717142665 1
4.92150765289 10.8111201474 0
9.10708982798 16.9885333171 1
10.3724288704 9.91860412197 0
13.2631887774 10.0136230973 0
18.4674592291 11.6726716133 1
4.65529269007 15.0338456303 1
7.17132033762 5.11734289953 0
10.1731223761 2.73263866642 1
19.8579970088 18.3490208299 1
19.8738679076 2.3355057109 1
8.32509846647 9.77885141185 0
4.27549929254 12.7814666355 1
9.55894519849 14.0958561856 0
0.090333018977 2.64421148245 1
7.30329385492 12.2765628748 0
12.5125611693 10.4359921018 0
8.48050069145 2.4091997468 1
17.1317889176 16.4326422604 1
12.9477961683 9.84657169644 0
9.92290790631 4.56372418191 0
15.7878899968 15.2777442866 1
17.6163417393 0.92632448837 1
10.6217963629 3.59126613098 1
10.8808430201 19.6181162818 1
4.49054569895 14.6513885809 1
10.7677584977 9.01988477706 0
18.0166538107 17.2369833492 1
12.5278494684 4.28705890985 1
16.3317538397 2.80278623407 1
5.14172370867 11.3289108013 0
5.4885885697 12.0203834073 0
18.0515344683 17.8718877809 1
4.47631355803 2.47252308355 1
12.3977958252 10.2242400515 0
15.3191541809 19.8294417873 1
0.0743318160098 2.01167051273 1
4.85424373871 11.2682439899 0
8.36786049712 17.2915031304 1
12.1584718052 9.70771267527 0
3.61868741594 19.0785201494 1
5.36285890742 9.91120469377 0
15.3838194293 10.5871964635 0
10.2296937685 11.5638812647 0
1.00167615016 8.08729194744 1
7.11332882211 5.23728753069 0
11.8782587228 10.9865516665 0
7.97145127679 3.35421720613 1
15.3297130212 16.5514507272 1
9.73661916618 7.6225134388 0
19.8999436344 17.4802607901 1
12.4836344858 10.2629769997 0
0.552745870925 18.1589574358 1
12.4691980297 1.58015243118 1
16.3927905398 8.39387699872 1
9.79251915358 16.0380290523 1
14.7682638343 4.89567751004 1
16.0302767083 5.94712181912 1
10.200001202 10.612842426 0
0.363129835652 2.04141601836 1
15.9581088643 15.5872157344 1
5.12710166017 2.37010750734 1
14.5870539932 1.70328489941 1
0.850030234617 13.4347593631 1
15.8424891121 19.1578790148 1
4.84462572132 19.3538141621 1
14.3295600828 9.05122266933 0
19.8820956728 19.5170162988 1
12.3263073845 2.8583102876 1
15.7339830727 8.95796662967 0
14.1042014993 10.444647278 0
15.056806499 8.99581013836 0
8.03707398435 14.7982313403 0
4.17671844668 16.5160627405 1
17.1951047301 15.0355389573 1
1.78318765909 4.37172432057 1
8.10060509473 8.8174552968 0
19.7543568592 13.6287328854 1
9.83980821532 7.97495510478 0
2.49427315403 11.3926824523 1
16.821631695 3.95256991205 1
10.7833245813 1.15274799595 1
6.25233239267 5.16088069703 1
19.1480100566 18.4826573946 1
7.98660485547 19.6949932565 1
3.37972012408 1.46467885893 1
4.07277801194 11.4263165785 1
16.0181630776 7.27289184024 1
10.9696964253 18.3780188332 1
4.92678328333 14.9305271839 1
7.25568647955 10.4734394341 0
7.59475516992 3.56900833697 1
1.08576460161 3.11884177173 1
9.6912774998 2.33892171293 1
10.4559610655 11.5259155853 0
16.8114268371 9.75294290631 1
13.7352869227 4.02426157982 1
4.04852143498 4.13942067587 1
19.0046872861 9.00340673526 1
4.60369455451 17.1659703912 1
7.29365489177 6.2886659261 0
8.87501944105 1.36995259097 1
15.4395950143 4.96087908735 1
17.7598722455 2.46208953165 1
15.5002202758 17.4501826402 1
4.28068380743 0.160041657251 1
9.95430039003 15.6658665203 0
2.00747500363 16.5374006389 1
16.5223891159 1.61419767107 1
4.01633579494 0.453693476197 1
8.07610049343 7.20952977153 0
1.5366398056 2.73229344768 1
3.25791305479 4.61452796026 1
13.5199221415 5.49152501834 0
7.38431175177 9.52842123701 0
6.68664654111 10.6453959547 0
5.06246491424 15.5486851157 1
0.43788805793 6.4621538484 1
8.25674462826 8.3029877589 0
11.4364715178 13.1627653429 0
4.21585583082 4.7059367037 1
19.9229798141 2.11772954137 1
10.3280483931 17.8230920722 1
19.4933363123 17.1883966146 1
7.08187434592 0.215010104181 1
19.2254672324 1.96102427719 1
8.04697672168 14.4004385075 0
17.257436867 10.8623063182 1
12.4892024663 15.5593106364 1
14.9348786401 2.00960202447 1
15.9107675983 17.8701377089 1
5.20062509101 15.7105682917 1
15.2687651836 17.040520564 1
12.8223976624 18.3860110347 1
1.28629748998 19.7434951903 1
7.63838282896 8.13521252775 0
4.89946312802 13.2244009541 1
8.93973852974 0.415610720341 1
11.662044918 11.0455490047 0
14.7353152505 16.7307986057 1
7.79591332051 2.06323479861 1
16.7026331346 13.3060753145 1
1.4843625191 7.36019344349 1
9.74122914989 13.1671755566 0
18.4542694543 14.096802854 1
0.988298762819 10.0518050128 1
14.0922964158 5.74440654023 0
6.03415105476 4.77261468241 1
5.7161172575 12.0492247236 0
10.9585492582 6.19535822088 0
16.9085149686 19.0652495898 1
8.88892003123 4.37625365692 0
3.5444271059 17.2327979412 1
14.4402449581 14.8858617574 1
16.0524651956 7.83896340286 1
10.6111259847 10.5775318224 0
13.6835147771 5.3838490414 0
3.99525956726 17.1807142309 1
13.0085450749 1.38709777442 1
13.3531076902 2.76263107942 1
11.6671963549 9.60549511839 0
7.27771590922 7.0102314631 0
18.0037113832 17.6186407443 1
12.1812028915 17.339453899 1
15.1367844286 9.1328293534 0
11.325696502 11.4526698757 0
16.1274514445 9.58520421173 1
12.4360014532 15.0922875075 0
10.1422735123 16.3561146249 1
16.6634508727 8.6899401646 1
17.6563565664 19.4379351946 1
2.66614313215 6.89374653886 1
1.18789230363 13.3342106616 1
15.3251894673 6.60590321327 1
17.231007178 14.2239803659 1
14.4652285878 18.9399417838 1
4.74996931685 8.07917514826 0
5.70331799734 18.013539947 1
1.18594883247 13.9760544465 1
17.5619887058 10.5496946731 1
1.12388993247 1.74979343663 1
16.2480758412 1.06439682095 1
19.2765455738 3.20234930447 1
19.751454961 15.9539424639 1
3.15263411677 5.10163412801 1
5.8180707913 4.05558006288 1
14.5018643597 3.41370251501 1
9.27181436585 4.38448596707 0
17.4548252655 10.7246880029 1
5.00088336234 8.80589704416 0
5.99867281165 19.018592007 1
4.57347599632 13.6333039723 1
6.7038869409 9.37259403256 0
1.93771000759 9.08086675625 1
18.1885806561 12.1553939238 1
15.1893748724 4.02107568077 1
9.96164493976 12.1683090693 0
6.95873527234 12.4598997226 0
3.08227543835 7.79783495588 1
11.6517256309 3.29898219696 1
15.8613177 14.3331435928 1
11.0387252142 9.61284703995 0
14.0261366344 2.88917695891 1
16.8301506651 10.7001961305 1
14.3227650821 4.73739274449 1
4.64049647976 3.88161604643 1
6.53034017162 9.49174764135 0
3.92270037928 9.388089981 1
8.60854287301 5.39781961981 0
13.8028324246 8.70397996745 0
16.2643831907 5.55513937761 1
3.07654441728 18.2909415265 1
2.83098140595 9.39252339279 1
7.39980718997 3.57364109197 1
15.706248896 19.6279683029 1
14.8167012046 16.639567642 1
11.7604781776 8.63121964878 0
5.80225137029 13.5045297767 0
19.6863382094 7.83546687987 1
16.2635533033 6.46976577031 1
0.943619305127 19.0400752907 1
2.26018916695 17.9487039243 1
1.99138058287 13.0651769085 1
13.768351672 0.0832076279027 1
12.1884511047 5.99814738993 0
3.29231217818 14.6155472739 1
1.7546907576 6.9938554133 1
19.1965323736 18.1162652154 1
17.6490086461 11.0541152309 1
4.08742332451 7.05212973569 1
4.04787376056 0.921996121966 1
5.52101070533 18.0038167464 1
11.2683985641 11.2582890599 0
13.0619662523 2.07724356717 1
19.4603667283 5.90731660331 1
17.7324815464 13.7881962197 1
18.1999948802 11.5544617115 1
16.1903113525 3.9662353716 1
7.81075572452 9.02834650008 0
10.5909402949 14.3457811787 0
12.541122308 9.33383299578 0
8.66890500694 18.205516824 1
14.2842045459 7.79708589809 0
0.284788827549 10.2763337231 1
15.4246638809 18.481050308 1
2.84051765607 4.54688625155 1
3.93341882183 3.79484279287 1
3.67839395205 15.6850042924 1
9.54075440933 6.4274722263 0
8.41052748534 16.7034755779 1
12.8018858974 18.9187146871 1
3.19714443738 2.97913724668 1
10.5982407444 7.44242636627 0
12.394891568 16.4444104614 1
2.32217158276 8.93699839251 1
7.69084290414 6.90659266604 0
17.2993311978 4.39654525939 1
9.02877211951 12.7242472714 0
13.9951280503 9.26639138682 0
15.1486775584 8.57742994657 0
12.2654378178 2.06633881797 1
7.62455617682 12.6514473844 0
17.6056572551 10.2233558387 1
17.9896579223 1.29974833703 1
0.0871493173378 10.6914267865 1
10.7839433118 3.84484830942 1
10.0946174154 6.87672552372 0
2.33995502741 1.66545105002 1
8.58548184477 17.211376097 1
0.107969504179 4.90421405794 1
15.16538383 8.37721793682 0
6.15042096089 16.4136473345 1
11.8131163966 17.1315612965 1
18.9141558739 3.11313594613 1
11.8026475692 19.2915706029 1
10.3490032056 13.1305821177 0
17.8604284599 2.16416238106 1
12.6059661739 4.2689738876 1
19.6175010301 17.5902836033 1
4.6795861777 13.8756628251 1
8.98818734514 8.26184742434 0
0.762699747255 10.4308308131 1
0.285600126801 11.6118038266 1
7.10624838755 15.3317375216 1
10.1017635279 14.6134471832 0
6.48065574418 3.40065878144 1
3.5064620258 15.5881746767 1
19.5299517453 9.90942261846 1
17.9489775195 15.9331611648 1
7.2839694525 11.2969425254 0
10.4150634354 17.9975864201 1
7.21452671795 12.191911338 0
19.3759502036 17.7172543655 1
7.40585207275 1.28918434846 1
2.70247492791 9.38330510157 1
12.9429170319 19.8665068208 1
11.7800696622 1.96562233494 1
17.2689803884 6.40631309808 1
5.82904269301 16.7583325153 1
14.6244834168 19.3025996722 1
6.32502944656 15.2647454857 1
8.2407322252 18.0502142861 1
3.4021110953 4.17407116666 1
5.42732094076 14.3209084755 1
5.75835640864 0.0891083931803 1
5.05225280529 2.61251908084 1
4.18174016085 0.636939054282 1
17.3160681641 6.4083423439 1
1.70192962981 12.2473337531 1
6.30127652065 15.4366102064 1
2.30578016867 7.47964863606 1
13.0765789982 0.443057819427 1
6.42686875712 0.782122950394 1
1.66500887881 9.77056795052 1
2.98643369102 14.8163240555 1
5.17879958327 7.821445609 0
11.8745455769 19.2461494649 1
9.4508563773 1.61513167701 1
14.262922017 6.39160479476 0
5.46002369293 7.5735688956 0
15.6861079763 8.40762189752 0
13.3289508319 17.2958170216 1
7.55696344523 16.1276026693 1
5.79975781124 16.37528799 1
12.8431504882 16.6268116114 1
8.65513088089 13.2056329299 0
6.58060738035 17.0370740808 1
7.46672855197 0.809433885448 1
12.0381481887 13.3662084798 0
17.6239317585 0.0627331049758 1
16.8108233823 11.7388800755 1
14.8779036014 2.26663168824 1
15.1236690489 2.74861231392 1
6.05892480532 10.7453565878 0
16.744641451 12.2862009201 1
3.35559315505 11.5435778992 1
15.8396232803 3.17198839201 1
12.3803354726 14.809547343 0
3.89736567239 4.87979617984 1
3.88840356822 6.08324431156 1
2.12861330856 13.882921097 1
6.96405848912 3.79363327385 1
3.97928629165 15.9388111464 1
7.20029636423 10.3249138954 0
6.61293127697 15.6645873955 1
13.2837867756 16.1437583375 1
9.32577237127 18.1451029207 1
15.3779212392 3.48456895169 1
15.7096102797 11.9211736916 1
12.9763315732 16.5411509271 1
15.8450322682 8.38737232037 1
16.7921266508 17.5519699058 1
10.9166495712 13.4776766715 0
7.06291159373 15.4818825993 1
2.11944914624 9.83222107748 1
12.385005773 10.6656465956 0
16.0548723998 7.95320025531 1
5.00076034552 16.3890021596 1
8.02419911992 14.2794944103 0
8.89485438521 7.87911166673 0
3.23711305377 15.3408388557 1
4.54006389471 2.28795897098 1
5.68003984239 18.8237736472 1
6.5140303988 11.5803187149 0
14.8263725689 18.6751065544 1
19.4517713795 16.0507758458 1
2.73569735762 19.6755243859 1
0.356802322262 16.5898406124 1
16.7269013936 6.31600987115 1
1.95509030008 13.7054415901 1
10.7930624 5.77393003439 0
4.21538981739 8.29640701621 1
1.2251599666 13.5539901975 1
12.2183031593 19.6801199564 1
17.4970327326 1.92625606085 1
11.6922054315 12.9937781794 0
12.409010095 0.961178316171 1
1.482365142 15.1686520201 1
10.3293517277 10.3947110161 0
3.15080839887 17.5183785957 1
11.5155901198 7.17562088698 0
5.14658720965 10.7578764076 0
13.3502040479 6.130302413 0
11.4002292232 16.7981255996 1
13.175623867 9.23552570577 0
13.8465350081 18.2645777819 1
15.104871534 16.267896426 1
5.65118764991 15.434339914 1
11.4513664651 18.9669861549 1
1.99562597141 2.16743184284 1
6.47302039126 2.92544647458 1
15.8172835444 11.0015657528 0
9.97310147394 17.3481324006 1
13.0341594066 12.5604730225 0
14.4751086296 19.3273355512 1
4.85785066008 4.33491660431 1
0.930118591485 4.03881557959 1
10.2420128659 1.36329112219 1
4.53553890745 12.0325328982 0
17.8012379921 17.2114226674 1
11.1252861089 4.41454026805 0
13.4595647674 3.75553077561 1
1.21769605898 0.584434830629 1
9.97621591335 4.10853490278 0
14.6658659067 14.6684854998 1
18.5567407281 14.1577431206 1
6.41617385713 3.72447551081 1
8.63309589864 2.59112579934 1
0.755804252267 7.97691086891 1
7.82698323677 3.64560756459 1
4.39109386653 4.16367876189 1
7.99169592731 19.5005913089 1
1.053896109 3.0141791205 1
5.44585370516 6.15588548882 0
0.574072813288 8.72415351094 1
9.80971813777 4.97231036413 0
19.6564485721 14.8584599349 1
13.1614146007 0.259394738733 1
17.6871973254 16.2095858088 1
3.53639189024 7.61200962283 1
17.236997615 11.7585696467 1
10.9547626204 3.77770481345 1
3.76540608636 15.3425423842 1
19.4593488534 19.057111977 1
2.978189685 6.6483747539 1
17.5339824753 12.4185305879 1
15.9173959751 11.2608022913 1
4.34059856452 3.62407679995 1
15.3193869186 7.87209410905 0
8.15613827188 10.5373804357 0
9.56702014784 14.6273788767 0
0.525669006665 19.9109174849 1
6.57310786491 12.5067084948 0
18.1260415194 5.51595876256 1
17.3252111974 18.2167468187 1
14.1650623079 3.47665177056 1
1.77535219698 14.9634595791 1
7.43462185109 18.6944985872 1
7.87248268102 2.15314394828 1
17.5277008428 12.8697274934 1
17.8650546501 4.69004159158 1
2.39837914462 4.86142434022 1
12.1322725672 6.94523758806 0
6.51566471799 0.559909026487 1
10.5207803446 11.3009631444 0
14.5188832436 6.03804392825 1
17.4041864156 15.9347696193 1
12.0687850835 12.0484630247 0
0.698357734446 11.8957653734 1
12.4861215114 9.02493973011 0
9.29725267819 5.21033105494 0
14.9438287885 19.33591037 1
0.0221167648613 10.9541824906 1
11.0079155303 14.9570700318 0
4.08701260414 16.1777167086 1
4.90463230777 10.4355636085 0
10.8492421995 8.62621857815 0
1.32841419519 12.3952845352 1
5.31784314778 8.45187909466 0
18.5831086365 2.21811505151 1
11.6577650479 19.990995942 1
9.08684261213 0.479136458021 1
2.71328410902 11.6717889293 1
9.88890090837 6.02011662038 0
11.5062232577 3.0968262429 1
13.7987966522 3.31562661823 1
18.8231916822 15.9182424358 1
5.38351320522 19.035478305 1
13.1919039092 1.97187655305 1
2.73327608523 19.6348799363 1
19.6765705094 1.02934721659 1
18.075505877 7.6355447184 1
3.43032554669 9.11865952492 1
2.11962828752 18.8878764926 1
16.859647058 18.8675193264 1
9.0705421675 9.06724553462 0
8.4830800808 7.36089178162 0
6.52932014878 6.05534918406 0
0.101801480842 0.293641293471 1
2.29487103255 15.4133321928 1
12.4960211465 5.07701664892 0
1.68355579773 8.5042745693 1
10.8560605568 19.1340740385 1
7.72233364069 18.5277536574 1
6.92020576159 15.6677848303 1
11.3112741005 9.33249721747 0
14.4840231225 1.09336550306 1
11.1808054114 7.70090448884 0
3.39546961627 11.3103473438 1
19.2403400225 17.2534323595 1
10.0982039918 3.75251542664 1
8.7173649833 8.21614075756 0
16.6701836423 13.364644768 1
1.88778881891 2.03534339783 1
7.87950107663 13.6934768829 0
6.11258590351 0.894357678327 1
17.1082277299 4.03413297997 1
4.613243419 7.19435773337 1
13.2403887643 16.4286709907 1
3.77080656088 2.48417244585 1
16.1349790794 15.1580400224 1
3.25221614533 17.7793498306 1
17.9971377926 4.2216030476 1
15.6256540153 1.07440834131 1
3.02760423653 18.097860286 1
16.0173506993 13.6520277354 1
14.7776615655 19.3220377268 1
9.38957249693 2.09645703903 1
19.1520771122 15.9195122364 1
12.3187886707 16.6811833906 1
16.1886235803 13.6077251214 1
12.2810714425 0.621584671456 1
10.8937362529 5.82087978063 0
17.2319624015 13.8889919057 1
6.56534039878 9.21476859811 0
2.2087167944 4.61123598255 1
14.8002283789 5.70484272224 1
9.16069114715 19.6774243745 1
4.19132572905 14.5011149613 1
1.02341953558 2.70038098666 1
18.9436435222 7.02015308457 1
4.29246892235 19.2574160505 1
4.85470309403 18.5950721126 1
19.2290180949 13.0820403433 1
3.40050369565 16.2509854719 1
19.96292554 6.52439700966 1
6.05328177004 9.02563559373 0
8.61700378933 17.1626540972 1
13.7600264056 6.56602025789 0
18.0669627331 14.405704162 1
10.3688772451 3.91881780783 1
10.7726521537 18.100256477 1
15.87918332 2.24757235314 1
5.36097516962 2.63568356174 1
17.8118499778 12.7793913634 1
19.5823884498 14.9940657794 1
18.0611657384 17.987801398 1
4.17644716335 11.6792146936 1
11.9758631966 0.961060812277 1
13.5974346523 10.7246744356 0
11.2997170988 4.60311331074 0
11.5306014282 3.5517068961 1
3.57043239487 12.0631895402 1
16.9746409489 17.4701159803 1
5.97503912334 12.4588755611 0
8.95586747241 14.0917534631 0
13.5285571225 11.7001410631 0
6.37807720362 11.5572353841 0
19.5427921892 7.45153644527 1
18.7701000861 1.30209461631 1
19.6152551597 0.272242770413 1
5.06867243259 16.5975525335 1
3.00168876714 18.6397637312 1
8.82953278333 2.56470427765 1
3.96530553448 17.0071890638 1
4.95048338578 15.0459905698 1
12.8713093898 17.9848662223 1
13.6839437206 5.31899939498 0
6.44231045901 13.4602864568 0
4.41538717311 7.33334701056 1
18.6584857164 8.67201504014 1
10.0519163796 8.18677941146 0
8.07063445446 14.524172422 0
13.4903232852 3.20926701442 1
15.5464289436 10.6363870443 0
16.2586855721 0.662207030399 1
2.20870020624 12.0768463012 1
11.8000612937 11.4236930387 0
5.70388050301 11.7223377556 0
16.2190120764 11.3920684424 1
4.71379587378 5.05230216605 1
19.6381258255 17.5075930896 1
8.64645717653 18.9938839886 1
5.06837060761 2.49887908319 1
16.9176827409 9.63078208803 1
3.29898337277 4.18670762864 1
1.17021271071 18.7898877618 1
12.0364953146 2.20516808337 1
6.58363858604 14.5430249338 0
18.5895861654 4.29393144011 1
1.43291199859 3.99606022962 1
3.81556427118 19.8323338141 1
8.63651417104 0.0552582740448 1
10.8957961088 5.0338362173 0
12.5358434863 7.23267953504 0
13.1414850139 15.466593627 1
5.48277381968 4.68229378378 1
6.34708857175 19.407862685 1
3.34864593132 12.0970125342 1
16.7549290209 0.0838154764505 1
12.3266387717 7.73905886023 0
2.57075833471 3.65564401312 1
17.7016524311 10.7994538186 1
17.4763580086 4.5655579735 1
19.63282453 15.9352824504 1
19.0148618892 1.494545529 1
6.6087177952 3.7157437344 1
3.60901732035 0.958594771884 1
15.5047586059 0.76417446208 1
8.66727700173 2.58043948209 1
10.5379371514 13.8616471513 0
2.39288081624 11.6419680418 1
17.6618009961 0.671598850977 1
18.5988029163 1.40569091117 1
18.2256278637 8.30699131924 1
7.28582853174 0.613301939893 1
7.9066961434 15.6529567533 1
5.22525304843 5.26931071173 1
14.5650943711 8.42379439059 0
7.38151532145 16.7293891543 1
9.98679672324 6.85840344546 0
15.9129746562 7.3141487861 1
10.0886806309 18.8828457393 1
12.8911307017 10.1104945791 0
1.17623767425 10.8691848501 1
5.21555461389 4.68867996593 1
5.38145792185 9.88306815855 0
12.0083624873 10.5132344481 0
19.1449862966 19.3347029548 1
11.7481458182 10.3875823192 0
19.4264635496 17.906457561 1
9.30671949513 3.36520186579 1
10.6282072494 5.19845183577 0
18.0774203713 16.30196686 1
13.6729267677 15.4717240857 1
0.859182953078 1.04874157064 1
14.065700811 9.87973225474 0
4.97424239796 1.31865731698 1
1.38767100963 9.91133014013 1
16.7743378636 18.7333021152 1
5.83378640101 6.62241509235 0
2.71408163259 5.8378563412 1
17.2869879615 0.2500216626 1
5.89298571234 8.94710375784 0
8.20131824842 1.36303456327 1
16.286417274 7.63045204033 1
17.4922081193 5.70549612765 1
3.71880862382 11.1044805897 1
1.65286288769 11.6188711297 1
18.4628430283 14.4013743866 1
3.24589206839 3.43266132194 1
1.51133954466 15.0307149119 1
10.8956225411 0.678178771672 1
11.095457287 0.716421854872 1
14.3225563318 13.0627425151 0
11.1003763544 8.440084494 0
3.08475104514 8.8611566402 1
18.1462915772 12.830388008 1
18.1065176542 7.17012877803 1
1.78154085703 1.72464326738 1
2.75474585227 0.335023185406 1
8.45999334036 4.14610250683 1
13.0570002912 9.08999111831 0
15.4537707824 15.1643354736 1
17.9375594769 15.3281530753 1
3.36710754446 18.7741720522 1
9.00135815035 12.4778249718 0
13.318826213 12.0713411898 0
12.4350969848 0.235372233842 1
18.0021062984 7.75055272043 1
3.83085088759 3.83431314331 1
18.4847895425 15.3998943198 1
3.60233153697 19.200774917 1
14.9744670492 15.5584446406 1
8.40339168838 2.57918730807 1
12.2570067414 10.000770747 0
5.75337727111 9.47862092403 0
19.5721339376 17.5914341558 1
10.8344030708 18.1706600585 1
7.00439948569 2.6845985016 1
8.43734448814 13.7638792845 0
1.23705049148 10.0710409732 1
4.31288622146 3.66797935019 1
3.95590843284 7.6684001803 1
12.1436266365 10.5182236719 0
1.36412047628 1.54269313366 1
14.4122033784 3.85124363089 1
0.992649373394 16.5142823712 1
1.65521941028 0.173053845896 1
15.0890796113 2.13997018953 1
5.38293955242 5.29740958239 1
15.0017671826 17.5450520729 1
7.90264462774 10.9874267859 0
12.2942177901 16.5927796598 1
11.2660740293 8.51180405071 0
6.40026138193 5.66610170921 0
8.04359420891 10.7692568706 0
8.75972162911 5.63957816602 0
18.0237330403 2.26434464658 1
12.1815048767 7.20439464217 0
10.1698865412 13.5852962426 0
1.01874268256 12.5019773863 1
18.8134981098 19.6469922187 1
6.33685950567 1.14142510315 1
14.4685493845 12.7393300293 0
5.13715787216 14.9976072059 1
4.03663237727 8.72518824225 1
9.76624250483 7.80944431876 0
16.4187863347 2.3436327008 1
0.61234742216 13.5043858886 1
5.50010004573 16.8786985599 1
9.46487737533 4.35613645838 0
15.7647567789 16.8417444194 1
7.3171268735 0.60706439244 1
9.28132428444 5.06356745363 0
2.59110084195 19.1052483034 1
10.6971118387 13.5776791739 0
15.6961055489 6.99387898624 1
4.394873411 4.0341328538 1
14.260706426 1.36000350664 1
9.89727208296 10.9890457147 0
14.9638835444 16.3179745282 1
3.88043422486 16.5127809988 1
15.7040868266 14.951002117 1
1.04084553748 11.5666427371 1
1.88895837875 13.2194140899 1
11.0361395592 10.4462966448 0
13.9960646957 16.5392636871 1
2.43426967376 5.51172412822 1
11.9094825273 15.8304589917 1
4.69741983378 17.3771633836 1
17.9529402981 6.29241477267 1
14.4945022558 16.0682739371 1
1.77462802661 0.305827028729 1
4.06104934307 10.5254439908 0
6.15218959772 2.20427869774 1
5.19018104611 5.52628109192 1
10.514529366 1.6997900586 1
14.4425622823 11.3652538996 0
11.3940503309 9.83885613993 0
18.4324689093 12.0143404389 1
4.24185344156 9.91026062732 0
0.87380176776 9.58911871222 1
6.74167009138 16.252861513 1
4.41554887002 5.29945542837 1
4.43382944303 19.8006292532 1
8.96631170299 0.390312196526 1
19.8333095532 5.13345608004 1
4.89153114725 0.978016696417 1
3.75108127484 14.0271257985 1
14.8831431642 2.35324224435 1
8.87002959554 6.4225226125 0
6.92764679438 4.72065876386 1
16.0802827788 15.6553618315 1
17.6333647763 12.5813845925 1
5.22715608282 11.2310255693 0
7.95109044952 6.07939520878 0
13.432527896 18.2021284851 1
6.1514870075 15.1809687762 1
11.2012687241 13.4366087095 0
16.560021436 0.249457296053 1
5.77940313924 1.01624472393 1
3.74674604919 7.46991573834 1
7.20800300136 8.96412837226 0
10.5991628017 3.38162582687 1
1.20786431575 0.597286758114 1
19.8667523597 7.03627599436 1
3.00712645414 16.9864464098 1
12.8305044014 1.86660436383 1
13.4210469708 19.3644538012 1
18.309959725 9.65187714543 1
13.7454760036 16.3935058744 1
13.6433144235 9.76613746393 0
12.3110219296 7.31409636525 0
14.9982692283 17.0831733591 1
18.3478829126 13.0429727 1
18.102104095 14.2282608261 1
11.1447849719 17.7396832311 1
16.9683441743 5.74833738781 1
16.6126397177 0.35973503109 1
8.65422099678 11.5903945557 0
7.25910320841 16.8227634692 1
5.9209638857 1.00970146304 1
10.9810437087 1.65781238502 1
10.6876356347 14.4536913495 0
8.68393897415 2.74503204752 1
2.43579427687 18.4543338162 1
3.35331224877 8.11236782184 1
3.43485558617 16.3760757448 1
9.2358085285 6.48849153983 0
17.5524651695 7.18584466615 1
0.162279123306 2.04705759646 1
17.9511885859 9.35957748536 1
10.4828059691 6.43169582624 0
8.403112984 12.4587624418 0
17.1398699197 17.2964427267 1
9.71051991219 0.604908017436 1
8.22287951659 19.029823239 1
10.9822447787 14.3528914479 0
8.39226528013 8.86184368528 0
0.32547252759 9.12593614527 1
7.48862087337 4.85984010315 0
3.20779246907 19.4398804856 1
1.7318621057 18.4654936002 1
4.09834047775 15.9972768057 1
9.93873370967 8.90012168499 0
12.6853408249 16.3988023966 1
14.2138724199 10.205128275 0
10.3235502843 10.1701367434 0
5.5704164935 18.8504107466 1
1.71163880764 16.8997414777 1
11.2155802663 16.1843403297 1
6.22299663766 13.2097206587 0
6.85301135804 2.27165090331 1
4.6676621521 0.0744924938649 1
3.55012522872 4.88190627879 1
9.52354445213 12.3766453953 0
15.6101901877 2.10783784652 1
18.2414658198 2.97740307232 1
11.4862002312 8.02428993743 0
4.59296128773 2.48790065987 1
3.56869375511 1.959291222 1
8.95596797274 2.05862793379 1
9.2337853807 19.5119794632 1
0.528625997514 3.06474752792 1
10.304923445 7.97233485374 0
12.6270652051 18.9621233201 1
0.0955245477433 1.90567502576 1
13.3683745254 19.0914348167 1
18.9694853305 9.41027890576 1
5.26363659508 17.732911085 1
8.33213743182 12.2856948355 0
2.82179604492 10.4905248575 1
19.3482640627 8.42020099925 1
13.9046718062 1.95387855355 1
3.24732656774 7.77737352725 1
0.897244672927 7.90801422612 1
3.53692055306 13.9521276174 1
2.52139945708 2.40883505202 1
3.45868430362 6.48737300249 1
16.1512613117 19.5378589069 1
16.7491627042 18.1718592324 1
18.7535441478 14.5322572629 1
0.451879463485 0.392600750728 1
11.0807557852 6.06834280996 0
9.76765605056 8.66045111034 0
19.0979984172 4.36857468335 1
18.0469688178 4.02118904846 1
19.6736358512 0.648697986655 1
7.64926316461 10.7071490655 0
0.474453653166 1.8004943858 1
1.24356841576 15.157348548 1
13.0882936851 6.88655781719 0
10.0439410791 14.0089972396 0
3.07488953388 16.8086732499 1
11.4115853409 2.25284764654 1
2.19130168863 14.848059 1
16.1360331882 11.7131328248 1
9.18025361349 11.8167656778 0
13.2777839322 16.7406012219 1
2.60328486086 13.1203675872 1
13.4805540536 7.31978127379 0
2.72676959877 16.4781627381 1
17.1036080856 2.42134276443 1
12.0882672104 13.9596064504 0
5.39582727605 4.15820747845 1
18.4800888957 5.52727921978 1
11.4161845451 2.37035566346 1
4.15042001232 15.4611223211 1
3.54845157196 2.30500654559 1
8.48372846515 4.68564208187 0
4.2503108591 14.2754474058 1
9.41819847645 6.40616236825 0
9.16301095814 0.934741186064 1
1.07348559464 15.7333988112 1
0.50934491492 13.4479079329 1
0.0131864994147 1.26313517996 1
2.98684041631 12.1010472429 1
13.173661477 6.27779096818 0
2.60160978164 16.1171151082 1
13.3917813736 13.4931054914 0
19.98360714 0.479514840079 1
19.6723403025 6.76505695595 1
15.9249605457 2.09468568106 1
3.82964034329 1.18541327935 1
17.6877471313 6.36493871141 1
12.821055239 8.57154089074 0
18.1163953712 17.3593985008 1
8.78785267542 15.352640094 0
0.657968289174 19.342025747 1
9.49636121253 3.11035384478 1
14.1776581422 17.0356025442 1
8.49431151813 11.1632787657 0
14.0052113102 3.33535595084 1
10.9076673758 10.4354986563 0
18.3330709745 13.398597735 1
15.8263119405 13.7727328126 1
3.53273765848 7.92851259597 1
2.82367281872 9.79699430589 1
13.1699048042 5.99030682095 0
14.7568875311 8.41741985171 0
9.85156606642 11.3329941374 0
6.12205524913 4.67607331511 1
3.07260748973 0.623175282805 1
18.3081579554 4.79683820082 1
18.6010009837 10.1165665077 1
16.5069608532 17.1981125545 1
11.765644207 9.06119290046 0
7.33529272241 1.17431688759 1
16.2265325233 5.74938621154 1
6.222903148 11.2561015272 0
11.9465985883 1.46570294162 1
1.86575802557 11.3706986418 1
3.29425377817 18.1947460356 1
19.0352745086 14.2021732621 1
16.34554557 3.77155341495 1
1.15052574668 14.8856873203 1
5.24842523859 13.0829882313 0
15.6180851195 7.65393832001 1
11.5377990957 16.1147077746 1
19.1994556462 0.934984413396 1
4.77759103572 16.1591498957 1
3.26507757352 2.17369327438 1
14.3576161241 11.2977973995 0
15.3421410524 18.4939080271 1
9.61019991285 14.5951191306 0
15.4377923151 7.15993750374 1
7.26266870602 18.6074674075 1
0.792280980795 11.128522983 1
0.966655077735 1.61369094468 1
17.8810921704 19.1737465312 1
19.160579864 19.5328547553 1
2.42217052089 2.93096861701 1
15.407676627 8.03430281253 0
10.0279947153 7.6372692714 0
11.8675400208 3.75128173628 1
0.118306455569 13.2433940298 1
3.84981456064 1.32044977088 1
17.3916829257 5.02960499827 1
3.09906275679 14.9710223389 1
4.29698391947 13.0332607756 1
14.0988649594 5.17172628832 1
0.127580518676 16.4727599189 1
7.15274101109 9.08981999455 0
5.14275055565 15.6835307306 1
