13.0411253487 13.4045802381 0
16.6525323066 12.5347793213 1
9.07361002438 8.40317188801 0
15.1604405292 17.7268717854 1
3.81504949981 19.7699605097 1
4.82858320338 0.187831069521 1
17.2049028747 0.106722562811 1
10.7577140148 6.2482141878 0
4.42857919268 11.2466750693 0
0.748111020954 15.7892253491 1
7.68555821596 15.8628360938 1
9.27163231847 19.2298370133 1
2.52755367271 13.5145268708 1
1.35944015642 6.95691919181 1
8.59365786258 14.463533149 0
14.1124535399 17.4249224417 1
7.12789876878 5.62902260657 0
17.6113260801 5.07614268205 1
2.22597600955 18.6896271956 1
13.1545587891 7.67498186098 0
4.4864022462 12.6140608754 1
4.03805321709 2.66235916878 1
13.4484091602 10.6718929037 0
2.1035692096 2.76512441556 1
10.1770520103 7.95285877145 0
18.3954840395 11.5496689555 1
17.0539750607 16.6959763683 1
14.7194202589 16.8555928695 1
16.4572238514 1.93186846861 1
15.4841477911 4.43228693778 1
4.82815156044 10.0136492607 0
4.18470639689 12.9427033654 1
5.08194386514 3.07953509164 1
18.9309699073 16.5275575111 1
1.55054439724 15.5444604321 1
16.6587415818 9.11941909763 1
11.9155126132 12.9830370628 0
18.4885082458 15.1316802023 1
11.8398652265 1.46323509851 1
15.7070538439 12.809259471 1
11.3312285901 4.10506941412 1
4.17611642147 8.60645875913 0
10.5451605335 18.7212888316 1
11.4116557906 17.8941143589 1
4.54239772321 12.5827925243 1
18.266668047 15.412653499 1
14.471118077 13.135406475 0
3.70484317473 15.8403163641 1
11.2832668205 0.710948975669 1
17.040814759 0.239980850318 1
10.2586729631 3.23119102479 1
16.4400403791 13.301840815 1
1.15960713636 17.2879014881 1
12.2963686051 15.4211412078 0
13.8325210076 3.03795471655 1
15.4579551401 17.2197450451 1
3.7097012321 9.55087698919 1
13.6255002225 4.03329395878 1
15.246589678 14.8955881667 1
18.384021253 4.54533949712 1
0.209093790373 5.36647063097 1
8.84030510183 6.73558452844 0
15.8701309612 13.2935438204 1
14.5053685224 3.04653233859 1
13.0783269028 18.7495165944 1
5.40702104003 13.3507036099 0
15.4178381212 12.2487038843 0
12.5129210015 15.1652356763 0
12.0602180471 0.0705814063955 1
1.6218199199 19.171464629 1
13.9321316172 7.2156419816 0
3.904974021 3.56403410451 1
4.82585807744 18.3357741275 1
3.38060611806 3.97593980508 1
6.6815950599 2.76280700597 1
3.35557217295 18.9698530794 1
16.9210175684 19.3463252028 1
16.9244616594 14.730323302 1
14.8044351096 0.522282422598 1
18.9866172867 7.66657634011 1
19.0556237845 4.94746313522 1
1.42246558932 16.8155691646 1
17.417906263 13.2064652973 1
9.6724009324 0.0789636390448 1
13.2372798959 13.3955530953 0
19.5140698123 18.486104949 1
14.865352754 5.93454065357 1
0.655357585614 3.78837870003 1
8.10823358254 3.66927948126 1
1.40589555718 9.22481360717 1
18.8276237371 16.7744442768 1
18.6007371359 17.4074821234 1
19.9000802174 1.0393339519 1
0.737501393689 1.75860622992 1
9.28320170485 4.66750675429 0
1.27809231182 12.5125256976 1
7.81691327039 16.5779262831 1
19.893605403 10.7239234499 1
0.342184216606 3.91849483851 1
6.54116111206 2.29541731882 1
5.56928830364 16.4727188241 1
3.09337207392 19.2637467199 1
4.32438682477 3.43201683649 1
16.9270712304 5.60133538936 1
15.2003824318 7.03871012417 0
18.0838540688 6.2574235227 1
12.4444765318 0.97269088161 1
3.96099566326 12.4785817803 1
15.0998788988 2.56626105602 1
13.4943813142 1.57586852949 1
14.1332806894 19.8188161795 1
17.5920191358 15.5408136289 1
4.38791784825 11.4772835266 0
2.98577994782 13.7797270442 1
19.5517311616 4.87554756325 1
5.36212956404 18.95992437 1
15.4822413876 9.13822335291 0
12.9776515381 6.53264452199 0
11.4149902944 9.69969834913 0
19.9028827931 18.0758989766 1
14.2294064407 10.9382747356 0
11.4991295813 16.0116477162 1
15.7653292197 8.73153163029 0
15.8921247918 7.99545321472 1
18.576758449 18.3958056549 1
19.6856833807 5.81134524444 1
6.25631892589 6.25055986112 0
2.99426514866 8.05747999705 1
7.21909285801 9.84230073179 0
1.45299325721 5.89433934679 1
14.8716477268 14.2016071484 1
6.18173692557 16.0344470233 1
4.63221018646 13.3080702353 1
14.5925148435 1.20719552973 1
3.5755695258 3.65009141318 1
16.280755595 14.6937239943 1
19.3837260184 6.50685372518 1
9.26094461387 17.121399876 1
14.8343740951 19.9272882603 1
13.0188756712 9.43512798016 0
7.43605559255 14.3327614592 0
17.0178739815 19.4781178843 1
3.89014574787 5.92055939547 1
16.9630273579 9.02674602375 1
4.23618735121 17.568006419 1
12.8784923043 10.5863893162 0
16.8560869369 1.94961240965 1
10.4700305168 10.276312127 0
15.8141163607 4.07758777782 1
13.3902405267 5.60005319263 0
2.21520240692 18.3067220447 1
12.7028875815 5.18879871814 0
9.08269450424 14.7721464876 0
13.2008479139 6.76334305065 0
10.678518478 10.908496073 0
9.34827324524 18.1538225363 1
3.54594602569 0.883444009199 1
10.4786199907 19.9447421183 1
13.4682363962 14.8089544229 0
18.0448913524 12.7409471245 1
4.97148455034 7.60144117009 0
2.3977225283 19.0604212421 1
6.27828235435 2.15902867349 1
6.58518985821 14.0708666649 0
14.0719709359 2.5127386961 1
17.5917438896 0.252694312426 1
10.5538622138 2.00654785477 1
5.42228790164 3.55673007576 1
15.0870183733 7.59057726186 0
1.91705853374 9.32585611244 1
10.3924271177 17.4620721479 1
13.1137607336 13.7724982786 0
14.4089472048 12.7866857264 0
17.8787261022 7.1797570749 1
8.88758723991 18.9191186083 1
10.692627853 5.37170192405 0
13.5568721082 12.5932683402 0
17.9357431653 10.7465226276 1
13.9629679713 3.34808463451 1
18.4533864735 14.1189490195 1
1.29275126721 8.42510420728 1
19.737791593 3.10946481302 1
12.9413131462 16.2261693 1
7.08080902484 19.8713752149 1
15.0234466896 6.37927736513 1
15.2351899167 4.23883476253 1
4.86624736846 15.0714342925 1
3.94928019605 2.94739800581 1
14.0924043033 14.5775005391 1
7.73418408852 12.2020577712 0
13.6819745093 11.0153145131 0
7.08194450728 7.46776646985 0
0.802435630859 0.856926189442 1
17.6765687416 18.9233976982 1
12.5962276972 14.8470358632 0
17.3550510825 10.4243766586 1
10.1779997878 2.61830272535 1
11.6267419402 0.511249368944 1
10.9030161368 13.9854724743 0
0.0380725590231 10.9333200336 1
19.0753929122 17.3917457279 1
1.61175062622 5.21462409409 1
6.73064469314 12.3118292011 0
18.9478800059 16.1075528588 1
0.355468295097 10.6622635357 1
16.5708053217 3.85414849916 1
13.3332495723 15.614381679 1
17.9569911146 7.95151632978 1
19.6347224483 5.23932118506 1
18.7511714657 13.8835297699 1
12.035173688 13.580735773 0
13.6574064147 11.716095353 0
3.16911856676 9.96993004166 1
10.3814487009 19.8074906727 1
12.1181714065 13.6468353358 0
16.7214637049 8.91539803456 1
13.855275245 16.4190297567 1
6.04715604905 3.24488532101 1
6.46050124602 4.70374459262 1
5.22088738357 5.58104271472 1
0.787837996504 10.9985126233 1
5.04701137162 3.19451514981 1
1.55904900419 19.4168124593 1
10.7911458188 6.63374109199 0
6.99561945154 13.8600371819 0
15.9821410978 3.70764866537 1
12.260471283 14.7683276825 0
19.0111219101 19.7100611466 1
14.5637358622 19.3225576196 1
2.4318605756 3.00548040207 1
3.86571943451 0.78070903142 1
2.58609345092 18.4121062688 1
12.9967347231 17.8569346822 1
13.7457714083 19.762782016 1
8.05571810806 3.98047524471 1
16.2578440571 10.4307341281 1
4.5685071217 4.91264066505 1
10.9680058582 12.4891449528 0
10.822420406 6.12819982177 0
17.2322709485 0.888642316399 1
8.00298324276 1.50526056316 1
8.62632468139 12.1830294912 0
1.89328796777 14.3161632797 1
17.471001582 13.9036376798 1
2.40106737403 3.86595805691 1
2.81539118874 13.4085948995 1
19.5082708257 5.81466367492 1
18.3052087678 1.75423156653 1
10.812785666 4.97848991045 0
15.426200935 7.02596892313 1
17.5901683632 18.2351507318 1
2.04294801289 6.86615462321 1
17.9738085815 11.1940037263 1
11.8019914052 2.77650444464 1
18.2101044096 3.12614933463 1
0.83206117805 3.09054339093 1
8.3561155602 5.9359329406 0
13.9852499629 16.3888493509 1
6.42014683631 16.6120332208 1
7.30644597808 12.334818197 0
12.6357599616 1.67808792469 1
6.09530703887 15.9511198399 1
17.5851048751 17.1962980513 1
12.0444952402 2.55940477564 1
16.7770259982 15.1037671885 1
9.85463026031 14.5313877105 0
13.5779036554 4.25039977471 1
6.3469427423 3.15377888605 1
3.08213730869 16.590882819 1
9.92447596452 4.17907142246 0
5.89340403254 7.94810114686 0
5.31039044551 11.4652589583 0
5.70403827466 14.8338452806 1
14.878697802 12.3700566313 0
0.245686543666 5.39215312677 1
3.21858030592 12.4581689292 1
14.6527440732 7.31705343025 0
0.279837285169 11.0106137817 1
0.39525264889 8.23033861046 1
17.2625599645 1.9706513854 1
15.9535558486 11.6482433834 1
18.2519727353 13.3914938238 1
9.68612281411 12.2267545235 0
15.166677296 0.204607793624 1
9.28629794835 7.74869210426 0
8.80102349562 14.473787433 0
1.35734657643 7.58499001705 1
6.5541298899 6.39928509731 0
4.6835710691 7.63943408587 0
6.15432576997 0.29189869709 1
10.4257988116 11.7917695709 0
3.00069208895 0.363591740037 1
16.9103256951 19.2380598278 1
1.38741791499 12.4057014795 1
2.91921012348 17.7277911076 1
9.5513462238 7.586042713 0
13.3451099665 12.2729984664 0
6.41359490384 11.0942900949 0
10.6708553126 16.8912252418 1
9.18250496045 16.8867162334 1
9.29613930043 2.6057799993 1
0.05838670263 17.8191166722 1
15.7152922829 7.92466736402 1
2.91822985746 13.1063880403 1
11.7894329665 10.3820336101 0
14.9485626547 4.65539408396 1
3.76385820285 16.4219272193 1
1.51965234294 10.5423334115 1
16.0927057152 0.15524466667 1
6.50537163148 7.13087083532 0
7.3756215558 11.7701939412 0
10.1598631403 16.1029148366 1
11.3550926117 11.4933449848 0
18.4687432303 2.91650341764 1
19.7584274944 5.63447763494 1
8.17307957034 9.11732111981 0
4.63876574394 7.15244135275 1
6.58816157193 1.80032914688 1
6.97252937087 0.478361343419 1
15.2038512725 14.1520293123 1
1.61700658158 17.5186722541 1
15.5698391001 5.43927270465 1
16.0465516441 16.7744017367 1
13.4040157257 10.4107940991 0
17.6426227697 7.67924719566 1
18.6922708486 9.85465279817 1
16.8892018266 10.1920390946 1
14.8381078699 7.83388550203 0
2.2077390369 0.172554930989 1
2.8023617622 4.03831998328 1
3.79816447618 13.0383472995 1
11.6922509013 17.2536176834 1
17.878716041 8.40728602898 1
1.47382288938 3.6266090899 1
2.83932275941 7.50935592598 1
15.8468044358 1.64692723758 1
6.09170363008 1.74172509184 1
9.5889472832 17.9348147167 1
9.764017245 12.0065061391 0
17.6392582427 0.996538851065 1
2.9566794163 18.5964184257 1
8.22025839259 4.42304097558 0
9.86647578706 1.66190878789 1
0.10784837864 17.4755520562 1
10.3895601389 19.3473515102 1
8.27280390329 3.98999839044 1
0.114640657464 10.5865128638 1
15.5524533323 4.65273868662 1
19.5960900738 4.81026173115 1
14.095594766 6.28094521843 0
15.4848881289 6.85505085332 1
12.3148321298 0.0161315863304 1
5.3413242476 6.28488609847 0
3.88499943416 12.0227372053 1
5.03708844156 0.288941712578 1
8.10406747993 12.602832843 0
1.18851052072 12.7682199044 1
16.5806469645 0.0388867029758 1
10.4894586351 18.0617741063 1
12.2379802701 15.8759238747 1
5.88121251703 4.16884757486 1
3.67639948853 16.4154608406 1
12.4714128138 3.33145672949 1
7.17709160772 17.6995298713 1
2.48420455849 1.86271249926 1
2.99192979753 16.7716367936 1
7.75774023758 19.1083508708 1
14.0549009832 5.97063191394 0
18.9196705476 14.1922008279 1
11.5498190278 0.750286615551 1
18.4890855935 11.4253060861 1
17.3170903684 15.5193788304 1
6.28176079245 12.9321292714 0
6.27878605629 3.48654428152 1
12.4006585021 12.4508358027 0
17.8810966507 12.3882352767 1
15.4656595316 11.2337838573 0
19.3064614388 2.801822336 1
2.75133871671 17.9128479453 1
0.290987681538 5.58428609985 1
6.07168711254 18.9120636596 1
10.7526221191 13.2612022294 0
1.85164141737 17.6478817258 1
0.34335797061 12.990307112 1
11.6719335641 12.892247183 0
14.2046537758 0.603321173363 1
13.2437258354 1.19561670745 1
11.6600512062 8.28070852062 0
18.5788691548 17.8562360987 1
10.6132439108 16.6431624051 1
1.58098700255 12.8535543328 1
19.2213977706 1.68782094357 1
1.74509415917 7.3817493261 1
19.0844311369 0.313880522134 1
6.68171594605 11.6056530711 0
1.89763339923 1.98473630919 1
7.6209890729 3.78737100012 1
11.8384814572 2.10814880341 1
2.84400382876 9.69478718404 1
11.3710806767 19.7714202146 1
17.9330746335 16.3968269518 1
8.6658709944 12.946432073 0
4.40137447371 11.2279911339 0
13.0830920101 1.13022459599 1
6.18097694418 18.3463111484 1
12.0407057903 12.7893229882 0
3.08736405345 7.24496575761 1
9.42356782606 16.4067856577 1
17.0181437961 3.63162386081 1
15.1141511367 19.5793997406 1
14.8642489826 2.81854152879 1
14.7662997389 1.58215395921 1
15.78835533 17.8871237962 1
19.2200162881 14.9871004148 1
15.0331700178 12.3928947322 0
1.08741853237 0.0931681182813 1
1.90995401552 8.76149190209 1
19.8793265479 12.9712921508 1
16.9396224548 15.8443381561 1
19.0268028775 11.8279473478 1
16.9190517714 8.03941652021 1
18.0421337505 14.0411120807 1
12.2236661039 3.28155393227 1
7.42391522374 14.2023006895 0
12.0177161287 5.26172057424 0
14.6889593727 2.19649721554 1
9.06588054525 16.5495485156 1
12.430907632 15.0194245097 0
11.136295836 1.27589842978 1
9.12845633705 19.8161399597 1
10.6892629131 5.05103563291 0
16.7965663382 0.707066953419 1
14.7570423485 19.5140667371 1
0.432129693106 3.05647480196 1
10.2940253984 1.94933281211 1
17.0573914076 2.47847890612 1
6.12126915594 12.3092781697 0
2.48818841346 3.70517227265 1
14.8625253734 3.09045348728 1
18.621798306 5.48447688791 1
18.4723732509 3.17684547076 1
12.8847821462 7.40860720368 0
19.1323768329 15.1038226662 1
1.05742709404 0.972442023858 1
7.56526080909 3.94192138991 1
14.008062458 11.5168753782 0
1.44115004008 10.2198565702 1
2.978895455 4.13293335899 1
6.55856833336 16.1623701106 1
7.04535958419 5.19456154869 0
18.7757194002 14.5843965204 1
15.6326469341 13.620391056 1
10.8937391518 12.2535803963 0
5.80971639322 7.66956414245 0
4.82477584583 16.7383593578 1
12.6649233005 8.87992804379 0
17.0813522694 2.68171444684 1
7.2071364985 7.67467693408 0
17.650501572 1.67826036446 1
12.9355143568 12.0139954786 0
13.3535707752 13.4261445636 0
14.0195991522 1.46923836093 1
0.919894593389 3.94301179817 1
8.94877393404 2.22437480973 1
13.0990638464 4.96045224611 0
18.8441256306 15.1457531109 1
15.2814798395 9.4297918405 0
0.738351087867 12.2418660972 1
6.91443320514 0.261144519511 1
7.08762760023 3.63498808507 1
18.2527202841 19.2600108608 1
19.7511178044 8.94060368115 1
15.5997055214 13.6176349683 1
15.0154792734 15.684360628 1
15.9696952819 12.8509320513 1
11.0838814172 1.76146247172 1
16.6212787774 19.285635632 1
19.7065254831 0.321438501739 1
4.94526047932 18.4646274317 1
11.9662203644 13.6802431186 0
5.12783583298 14.9496397837 1
7.28194538515 16.6045649067 1
1.94972869433 17.3882924002 1
13.8929283274 2.68795844201 1
14.2229189368 3.34757727818 1
2.20593019405 9.06101898755 1
9.48445700802 19.4933558335 1
12.1519363778 14.7113623127 0
16.5797457751 11.7669629068 1
19.6747872192 9.51136623668 1
15.0708046068 11.0710681743 0
6.68149014877 10.9805847358 0
18.7428592111 6.17782027999 1
18.8509846068 2.54836392405 1
3.4017325448 18.5182873186 1
16.8156932125 19.3057783956 1
3.59256330046 11.1500791398 1
11.3162419349 5.40942335609 0
7.67684904616 12.6381016205 0
15.1018874062 19.2022545087 1
1.85882195679 10.4693434752 1
16.449568301 2.85242890263 1
17.8144794796 6.60128534294 1
19.908318482 16.6193130159 1
9.48130211743 6.7530713364 0
5.85515126598 2.9598561174 1
17.2508579195 0.361825775306 1
15.0025208033 0.442791164874 1
12.4362483133 2.20101971213 1
0.40893779603 3.26995276178 1
14.3211157119 0.885026194771 1
3.27819250965 9.38962791298 1
0.284554978742 13.7078105059 1
16.5742369405 14.6547348907 1
13.1091366354 13.9883166734 0
15.4962504157 3.19071864454 1
11.1966603266 14.0698735056 0
1.78360570648 0.173040486308 1
8.62862484269 13.8664967091 0
14.053473687 3.12650321074 1
13.5432991369 0.48693416304 1
8.6080310963 3.50296153867 1
1.9148593532 4.11250921945 1
12.368796496 15.1898334971 0
14.5867897219 12.5249043506 0
7.56749215588 7.81472643453 0
0.590001054446 1.11120150926 1
14.9936853158 17.1884399813 1
16.0579669786 0.485023665707 1
7.9607201725 11.0028226898 0
17.4163362054 16.3028608579 1
8.69873898544 7.5216148789 0
14.8672531141 15.6726232082 1
8.14502284672 1.32852566309 1
15.3774084996 4.47298144578 1
0.126057460218 0.945780138337 1
19.7244839633 1.52042803381 1
14.4535220531 5.33579333096 1
7.29046302868 7.95900111604 0
11.0004109121 16.127828435 1
4.43166869069 16.942976537 1
9.47083693192 14.3194269013 0
16.039504625 5.3142503822 1
3.6189436309 16.7861084958 1
19.3945818009 8.56395309524 1
2.30981951925 11.6714089999 1
11.2367630591 0.567618395079 1
12.3676414434 16.7263770524 1
0.104739297472 3.75469794113 1
12.3510184632 17.8754966633 1
19.6414868604 1.55554254112 1
6.28575590864 19.7682491926 1
1.8925680175 6.0193358714 1
8.40821246622 3.93051761083 1
2.96270763588 18.6901797743 1
17.0426136914 19.4117883264 1
0.0202824754207 7.81307767774 1
11.8230771508 2.04046265237 1
6.35367691541 5.22372517687 1
4.87077859278 14.1682191333 1
1.51540223129 9.31970581883 1
14.2311902147 18.0001759495 1
14.4292977051 2.14902052394 1
13.2937510362 4.29896905321 1
3.62507381593 7.14784049179 1
6.46276720436 13.4205476611 0
7.80937936939 6.05049513301 0
10.428480647 16.8472079644 1
14.2513878155 1.34939864852 1
19.3897785277 11.6379706971 1
18.1217573937 13.3419274779 1
13.1861007494 3.25399794641 1
2.54783043328 18.4027923463 1
15.4289352702 8.62937855119 0
7.87568664213 11.2408429534 0
16.8539393497 5.85295977749 1
10.9403394431 15.8341989373 0
19.837479965 0.851950621511 1
16.2117681781 10.5029665068 1
8.72037589016 8.19009872772 0
19.4214460322 10.6018576591 1
16.0970491559 12.2103016453 1
19.4120062185 19.7065221298 1
10.0747967688 1.18225106855 1
8.53940785782 16.3832365635 1
12.9485957738 19.3915093264 1
4.27616717744 13.8591158569 1
11.1141088056 16.0714675679 1
9.27639701048 1.26202423351 1
13.2485749414 15.537266437 1
7.26534937969 17.0081221015 1
10.0481151857 5.24118193977 0
8.07752862626 5.69038480393 0
14.1663089522 4.99495277496 1
19.7218459931 11.624922784 1
10.4434407351 0.705115211055 1
19.6812770372 14.6052634819 1
10.2300701424 7.41124949945 0
5.57289478709 19.6573381112 1
11.647194698 10.3126587051 0
16.1209701337 5.12210113199 1
15.5151866633 9.26679770512 0
4.7391602586 12.86781046 0
6.65277879857 2.25404750642 1
13.3896544716 17.185073464 1
17.2080186117 17.4120914631 1
4.25618488721 19.7873112199 1
1.0511840536 13.3067101237 1
18.236580081 0.525841112659 1
16.7559912122 12.805150254 1
13.1431083245 2.30064142668 1
16.796086262 17.9280062433 1
15.1054773961 18.5317412756 1
6.11632426422 19.410170356 1
10.0862898094 8.46125619657 0
11.8962686107 4.9957774761 0
2.79087200934 9.3646984412 1
9.27197306042 4.61213259134 0
8.11208707972 8.64823629088 0
10.3059861307 14.0124167994 0
19.7638699742 3.68754427541 1
5.69288764401 15.4155104226 1
7.95613210568 9.15625659878 0
12.0793409139 17.6608122874 1
16.4943677425 2.24111223145 1
9.89845851259 14.0707568785 0
14.9474379585 8.98023226127 0
12.9267316407 17.9490241273 1
14.1237394158 18.9808745146 1
3.97655014273 10.9662642937 1
19.8190036755 7.05297610661 1
14.2583273251 3.22079730947 1
15.0045520608 16.6817873309 1
3.91553860137 3.99530658311 1
7.73997581053 16.6827223408 1
12.5121942962 1.00474013786 1
5.49739727102 11.6780699338 0
18.9834234451 3.58991620604 1
9.8158691541 3.01248553949 1
6.14526401024 5.02337162149 1
5.25639755345 10.3934222182 0
19.63728627 10.7771464331 1
0.916778755095 1.47488078703 1
2.19591908291 2.32218934723 1
1.47275237388 11.9895081873 1
11.3275260145 11.6521210136 0
10.5843830198 13.2665458686 0
7.95155927839 6.06860718229 0
5.39791048896 7.26181114831 0
3.19420160224 8.54527094431 1
17.1133226961 13.0007243787 1
12.4864120373 7.08172362334 0
18.4700019691 4.39151668202 1
6.37138714276 16.3933157744 1
11.3208314985 6.83000496997 0
19.937530046 7.81964457655 1
16.8978398885 2.64313558526 1
0.412691942807 17.9347463426 1
17.9897346501 19.8011722145 1
9.6992280462 7.40524900099 0
18.7254462507 19.3582986853 1
3.07350774057 5.28101335935 1
13.681553471 0.140973874107 1
10.9549104493 6.42337777949 0
4.57676808716 4.32128488603 1
13.3143634426 13.5893499635 0
10.3296366611 18.3390704386 1
14.9065456321 7.54341526816 0
19.7199281516 13.6253059165 1
12.9049105551 17.3205564702 1
11.784354562 19.2576188707 1
14.6946129765 9.87558996006 0
8.10974537336 10.772193844 0
4.51312356076 4.33004501271 1
8.70406995333 8.6889773453 0
18.6747011922 9.71413351572 1
9.29322402787 13.6116933173 0
10.4724007368 10.2954756929 0
2.06354140688 0.00251713143422 1
2.57428279424 17.9595990862 1
11.0884507404 8.44084172304 0
3.93888456025 18.1107794032 1
18.3947366291 17.1150504845 1
18.7842492171 4.25358913231 1
9.50847727367 12.7413163012 0
12.7170540535 19.286745424 1
8.36168124873 16.3091886818 1
17.9620847222 11.4672193679 1
8.86420832867 16.4667463772 1
2.19259786933 17.0582284003 1
17.6572157697 11.7843113493 1
8.90443328762 4.13917007047 0
4.76269425263 10.9931310171 0
10.573573885 4.83934410757 0
10.7287111735 18.903677671 1
7.47769430221 8.20863984091 0
16.4714237517 0.27507032543 1
18.8844304359 8.95873515493 1
11.3369400488 5.09701050812 0
15.3803325554 11.1281178887 0
1.41286358459 1.72608423727 1
2.14397226981 8.88232421221 1
7.48476293342 13.2749377235 0
5.59021813942 7.18660071833 0
1.04420321618 9.60532311802 1
17.7009194889 4.8796292468 1
5.57948982928 7.90927382956 0
3.76497513397 4.43462435864 1
12.3270792912 19.2190893324 1
9.73805144655 12.3600277536 0
18.7971948596 14.8770376626 1
8.5880654277 19.0939851176 1
12.7465721546 2.40225779203 1
4.96226201908 9.45558888351 0
12.0425631936 9.50093034213 0
0.503786618937 3.65353115252 1
0.482056341285 14.0471098104 1
15.6571601792 16.8666985391 1
16.4971186713 13.2789382831 1
10.2949832911 9.46539893981 0
8.58351250552 12.9134148676 0
0.69632350356 15.7862577572 1
8.92056506407 13.4433970597 0
6.40634423319 1.68247893425 1
11.4443802746 6.83740372896 0
13.9652263574 9.81794180428 0
9.64359572995 13.9902049376 0
8.73583176077 15.3373437717 0
12.5718772519 15.6089327956 1
0.221625338602 14.2166767816 1
15.1323520543 12.9863043585 0
18.3999204592 18.5003670811 1
0.707239674622 4.10896426568 1
14.4412449579 1.2733251939 1
1.63023047803 4.48739478246 1
8.72870883632 12.6144963656 0
18.0832671333 8.63719798045 1
10.5102346423 7.72279774699 0
13.5470963602 17.255426319 1
18.9923498923 6.22893790865 1
4.77594815595 15.7674534284 1
2.59965568112 17.3819935481 1
11.1469407587 2.84559301173 1
6.07353922721 18.7484810806 1
13.7546368967 15.4326332751 1
9.23771040355 15.8164038738 0
3.88923319516 12.7611342275 1
1.83785233281 5.85376725107 1
2.85325464108 9.49144483458 1
16.7169787949 12.360230356 1
14.8880829359 1.96010868242 1
4.5872655815 17.0361628199 1
7.7713540791 10.9522510525 0
10.3543887035 6.33454620102 0
11.4477321328 1.48884722974 1
9.88941541907 3.29245422174 1
19.4575125551 14.5360944831 1
14.3466679627 1.24365567507 1
19.5483218519 16.0305252091 1
10.2018100153 15.2245871963 0
14.7501314082 15.167555753 1
5.84303964162 7.94190134595 0
7.02340759142 3.35955870913 1
6.17774386771 9.72058160313 0
15.1410587666 7.90294619007 0
6.77095611673 14.1919571563 0
17.0585489809 8.66435883834 1
14.1815066067 4.24932363769 1
0.678487814163 18.6674014949 1
0.848986233827 0.148437552264 1
11.5600257973 16.5614888307 1
9.52490333218 6.95315779846 0
1.58062402163 18.4942909749 1
13.8273470346 7.95673830041 0
14.7755623383 12.6399944901 0
12.7125927383 12.6551633631 0
13.324984082 3.55567757766 1
17.918171043 13.8405955731 1
6.9264365006 15.0058904385 0
15.836715887 11.6567197887 1
17.6281302327 3.29537792781 1
0.747002238231 2.86279639554 1
17.4500944134 13.3216317012 1
4.15967362 9.93311117203 0
8.52253146339 0.662322501147 1
19.1856396281 6.93286859503 1
4.92692488487 14.4936692599 1
3.17162449688 8.96043206656 1
18.167791339 2.156418281 1
13.3485050359 13.1723207695 0
17.9272120854 15.4226199193 1
18.8242143366 3.64346397896 1
2.5169395955 3.58640768507 1
1.77010802877 4.01349825712 1
0.696440721046 10.7467258675 1
3.59282815854 15.0453576926 1
1.47076374641 17.4647477005 1
4.88828779279 11.7074238503 0
14.7344977052 14.0443047239 1
13.2963759599 6.62794644262 0
10.6595958721 8.86431655577 0
13.8561239198 9.00280573019 0
3.56291317361 1.92178843286 1
15.1759886022 0.85439555538 1
11.6279613196 10.7897297893 0
0.218556576976 5.01610606492 1
0.253230104629 12.9557907569 1
11.7475598256 12.8860491336 0
9.28415617296 8.0887509815 0
1.33864433089 13.9790613442 1
12.993471879 14.264723583 0
14.6700980058 3.93078003826 1
16.5973422683 16.9380015803 1
5.11331284612 3.99443017006 1
14.9528394301 19.2152699493 1
5.25971414202 0.188537893194 1
19.746332235 1.61157109389 1
14.6703375224 13.0706007799 0
5.01336209967 0.350788545346 1
16.5762342987 11.7818270073 1
14.8146534167 10.073825652 0
16.8305701217 18.2017647625 1
16.2518625824 1.53520295267 1
12.3190891159 16.0359703291 1
17.1358214372 1.34455123736 1
17.6638320133 0.241792400133 1
11.9358580503 16.0670403518 1
12.4303193853 12.4257174806 0
11.4122354255 10.4756166598 0
14.0324554275 12.3842440068 0
19.2559668955 16.2200623065 1
5.39979196887 12.9566689815 0
12.6021167075 6.52917705119 0
17.2903271769 16.2273336178 1
13.8244213448 3.31283120655 1
17.8041630678 13.2530176071 1
6.27787277355 18.0154363658 1
4.59418215109 11.7542248258 0
0.441976822395 11.2433654793 1
4.32515885463 6.53710112079 1
9.51619083602 8.61522696709 0
2.48123178577 19.5856965781 1
8.77247320967 4.61584287292 0
4.35789446467 5.24459907777 1
15.7619085366 15.6316095264 1
18.9898262169 6.51331755565 1
10.4429585463 9.52641680419 0
18.047588219 9.1644035223 1
6.6924533992 11.3632558215 0
5.87168094365 9.01291593204 0
0.0982160317687 15.5810300737 1
17.0946011249 9.10582851603 1
11.4178279424 16.7384226464 1
5.07447073449 1.257274705 1
6.88454224462 13.3139070944 0
5.59974716925 4.47063502157 1
3.39339034349 10.7602246989 1
1.82755290626 5.12968651208 1
13.2202455003 17.8106827784 1
8.75478542448 19.8312657944 1
18.1088215283 14.1152265676 1
6.31966091375 3.60384215143 1
11.575619557 6.1535947972 0
18.3023019314 19.9777738813 1
16.8073620944 7.51903119284 1
13.5391830113 10.7189462833 0
8.27149239155 11.7909310999 0
8.83222441414 5.08858968561 0
13.0166489259 9.53669056024 0
10.5060783865 12.3636734986 0
17.7608827439 15.8906792238 1
17.6396227446 6.7685509408 1
6.80406519921 19.637126051 1
3.07026404336 16.2992970177 1
10.4985589302 3.33926599381 1
0.755901520562 4.30935729315 1
11.1273086359 17.4379278854 1
8.5214165563 4.67824158398 0
9.8398003898 19.1064172824 1
17.3029640369 4.59415461678 1
4.08978545001 19.737455134 1
18.9788287796 16.1395146972 1
3.04345888964 10.6977979635 1
2.90583189522 18.2705115585 1
2.07856769993 15.9216083193 1
1.58657193155 11.0327450972 1
13.563354015 13.343435337 0
12.8773201013 5.7354655319 0
13.1315652009 5.92503001428 0
14.9917667026 15.6381027107 1
18.5189234569 16.6235106828 1
9.81567106567 14.3166285762 0
2.33755743332 18.280476137 1
1.63632901552 7.44442825597 1
19.1802061972 1.81361140811 1
9.97963122361 14.5517067029 0
14.0786701593 4.86885911384 1
5.69115029537 19.9248766117 1
14.2435527915 6.72472630659 0
9.74469096644 12.0925413214 0
3.75762314785 12.646350833 1
16.6562699985 19.8047359546 1
11.5380154384 15.9040310127 1
16.4092332649 15.9729518738 1
0.354061751615 11.8562868654 1
12.1187596335 18.2690506576 1
6.32805561278 15.5302165618 1
18.0557144934 1.34238282295 1
13.7472346505 5.21905251539 1
11.9837104499 6.97467808121 0
0.128252762656 8.96492615262 1
12.8663234758 0.393819217585 1
11.7499221981 15.9569810547 1
16.4483044416 17.4650598233 1
10.1997263418 13.5962735582 0
0.0972508677031 7.30831146471 1
12.2343918267 13.5608550907 0
15.2687701442 0.963745991778 1
11.3569956121 14.6143773396 0
13.0964576442 2.82638114136 1
0.0182063558123 3.29225589026 1
12.8155996322 10.0000722983 0
8.91046871824 12.2334584142 0
9.06033005605 19.5336873421 1
0.443107059193 14.5814659183 1
1.75054787799 13.2270366556 1
10.8281229769 3.35371217743 1
5.49496544384 6.95209326218 0
1.66378971338 15.0985350638 1
6.70753833371 15.7982489689 1
5.79419905165 12.2978673547 0
11.4612764154 8.55667431443 0
19.1621476661 15.5319326083 1
0.540671380353 1.36020914154 1
7.76675441531 13.0888669456 0
7.80764136254 1.65430470172 1
16.2195965244 19.6872532441 1
19.318521866 1.32620497053 1
16.4302023895 10.8167389315 1
1.16114688386 16.991610116 1
18.717428279 12.7415946713 1
11.8222999446 15.689665221 0
12.1685325553 4.60635047084 0
18.7077607422 17.4849197546 1
17.3594165529 0.371492968074 1
18.8973356207 1.41529434281 1
11.3244663784 11.1043137589 0
16.7986804937 14.2670204395 1
3.43148788491 0.0653019264114 1
11.5961977746 15.5312409417 0
18.0206086969 9.53403389952 1
10.2531452202 0.740072378098 1
10.328550116 13.1397505678 0
2.79714100089 18.1211979548 1
15.6388817634 15.426364406 1
14.5214509418 16.8469742434 1
11.4958526859 18.8189167044 1
14.8914687311 5.91089124853 1
0.142338576403 17.7775470484 1
17.2883003045 1.20985898873 1
3.01760458762 19.0607311781 1
14.6018387425 17.2837985979 1
10.198505697 16.0082826049 1
7.9753247983 2.11921669566 1
17.8587921198 18.065785095 1
11.7704490206 14.366823939 0
6.52654820681 12.8131778882 0
11.5747799514 17.7759657047 1
16.5628898298 3.43385093579 1
1.24492365344 5.30428005915 1
9.51612036263 15.310174909 0
8.52121947792 17.6948546129 1
3.05828890246 7.13163297021 1
3.58162756575 18.6466996649 1
11.7220018398 3.44567985073 1
5.65790448908 11.1347650606 0
12.2263696347 1.02331450564 1
0.252572650508 6.69288520519 1
11.1489030897 12.5425026992 0
3.6537627653 15.1801897123 1
4.83456242869 17.3659239404 1
4.70509421983 7.94607434965 0
0.658288484458 14.3210178687 1
12.1827976434 10.845443525 0
17.1727075639 6.98535241226 1
13.6366984443 4.28078087009 1
7.91671994225 4.2561943796 1
19.0199610328 19.3744579495 1
0.763291172847 9.63099331125 1
13.3743627143 19.9817164318 1
7.78461711612 16.0093742883 1
14.3096519184 6.56369252048 0
5.39030288635 4.73838939337 1
18.191711583 13.5045527044 1
4.39726137441 19.9942873165 1
7.85906626457 7.22285513523 0
11.7496985095 5.20702175239 0
1.71638794621 19.2160239533 1
2.2270663777 11.7667620729 1
2.43708101291 14.0319565708 1
