7.8544575283 6.98158701026 0
18.0615598818 10.6692124471 1
18.0422883943 1.04788232042 1
17.4322945767 2.25054314276 1
17.5762823426 2.07931316452 1
10.8260973539 1.18398295799 1
6.91929994896 11.9201124503 0
9.97713605171 14.1829608535 0
2.76178115501 5.53830108718 1
3.7281656866 3.96388343686 1
15.2548186317 2.24377713011 1
9.23948123882 19.0096444296 1
0.131016368741 19.5236578273 1
19.3581477134 9.8421796107 1
6.84394378993 10.1368059689 0
5.41795369867 15.7966908517 1
13.9834592859 1.13825257823 1
11.8413080161 10.4712484812 0
3.63151703761 6.85376388371 1
8.29248205175 5.58595530994 0
9.18908819483 17.5662630356 1
17.3438478493 16.4989912001 1
9.44636151142 4.23841565846 0
5.52376656472 10.7437723985 0
8.51869186486 15.5592026923 0
3.08612234184 14.7492235522 1
6.48635267749 9.37626088792 0
4.68744974616 18.7196007406 1
4.22801202752 9.47670215326 0
5.84082066688 7.90569144909 0
5.19616388483 17.8657691521 1
16.2482311353 8.59100493548 1
5.8036914336 9.34666623952 0
9.99732167581 0.703970246304 1
3.79718929117 17.2882869252 1
3.049356429 0.967109793747 1
12.0920467573 4.23196912588 1
18.5232413527 16.3433214282 1
8.47932776201 3.95386015812 1
2.97414048369 5.56672083599 1
16.2823525577 3.28018951515 1
16.3642601698 14.9895015584 1
0.177476885344 6.49662984523 1
11.6557811576 9.77733800929 0
19.3591629423 11.2277435819 1
10.7557459565 18.7668082555 1
9.64744064951 11.8564917155 0
6.05510347291 11.9293576572 0
4.03690395303 4.11221885667 1
17.7536799141 14.9537556954 1
0.620385113447 6.85019131374 1
11.5867573177 12.4644836516 0
2.98507799981 19.8591312096 1
5.43274323131 1.5991146371 1
3.98270081615 16.235655159 1
7.89782498504 8.63399897781 0
10.9602074318 11.9283121834 0
0.230585783347 12.8963645874 1
7.64717251213 18.5108799633 1
9.67773763753 19.1328996994 1
13.8003844613 6.3250645866 0
5.97815542262 7.23748833127 0
8.88635143464 2.14518800006 1
17.3597701131 15.5859742027 1
6.32014984066 1.73106701965 1
18.2552003347 2.34603147775 1
8.84204330382 6.77127348968 0
12.879423553 18.6485789327 1
15.5706224296 19.8847993694 1
11.4867607237 16.9305514607 1
16.316823705 4.18202980517 1
11.8236269981 15.6241174163 0
18.6733759473 8.25750614561 1
8.51809790333 4.07290493611 1
7.10045140371 7.06117755647 0
14.0785668482 17.6845728981 1
10.519283409 9.80293119341 0
7.92107361396 5.60937681481 0
0.239823590161 2.18601683604 1
8.11693616726 11.1743540472 0
17.0798106929 12.2282116917 1
11.3569022642 10.3433203116 0
8.22519670189 16.4025210238 1
16.6619442383 3.11356336321 1
13.4287778896 5.96564501087 0
6.42092257773 12.4233197368 0
9.51510107597 12.3959288903 0
18.8121372348 1.59626786107 1
15.7862675467 17.7592138473 1
19.1215664263 1.77460253739 1
12.696295393 11.7977727904 0
10.3382961092 17.9807157409 1
1.00464147612 18.9604625323 1
1.46781938344 0.473643268711 1
16.577147694 9.82670418731 1
9.37648127237 16.5742243801 1
4.52805777549 16.2777917739 1
1.4694199808 16.1085192664 1
4.80819827727 0.380130600784 1
6.37806418264 7.88227006703 0
17.6511559382 12.1627637394 1
19.2750809552 12.6031782653 1
15.4508819081 5.58247461582 1
3.90963677498 8.3957576325 1
10.2869200274 5.91389321794 0
4.26075658762 17.883239352 1
15.7494271477 17.29091264 1
1.20583376302 2.57407775299 1
8.42296903688 2.08563217565 1
17.8959500471 5.19834108642 1
14.5030832373 4.98230784076 1
4.90432979915 14.587159407 1
2.17125659706 9.31620193095 1
14.7264688275 8.77450838151 0
6.69847714782 7.23010888697 0
15.2157932739 2.8496547694 1
19.7339789309 17.3198933404 1
2.17803536833 4.34641995956 1
5.8738169675 12.4493550039 0
9.77287722584 4.53695181706 0
19.20385159 11.7374850591 1
4.60700681925 19.5599276972 1
13.3262727887 10.6223551328 0
3.35527388051 2.07809651009 1
1.33897870924 13.9502593566 1
8.60472457 13.834020809 0
0.0804925685483 18.9936466498 1
18.4375162518 10.6703761113 1
7.5214847098 6.21671679575 0
16.2094813453 11.1555899663 1
10.994071968 16.1236739403 1
9.22479580133 10.0389100246 0
4.19153140848 16.660922856 1
17.5283898759 14.9249227422 1
19.2108076096 12.0891856897 1
16.4819479063 9.4301658405 1
8.5622095265 7.70736779576 0
11.9181168025 15.9530899367 1
12.4912983373 14.5195488403 0
5.35800548403 1.62106839505 1
11.1828630593 1.58470718974 1
19.1404678756 9.53946917526 1
0.481657504648 1.04653116052 1
12.4461386254 18.346730727 1
18.4516424191 17.1036659639 1
5.63721715368 0.181547504112 1
13.7378384822 9.99205380028 0
0.695836296281 8.74299779633 1
0.0270860855138 16.8602234118 1
2.69374563128 12.3811575053 1
3.31075607407 0.315308886726 1
15.2357480661 7.52683637345 0
10.2348518691 6.44318336034 0
19.2336946112 18.5680950958 1
15.0911361725 18.4120661332 1
19.5767495878 15.7003648861 1
6.83172072542 6.74676668478 0
4.94365247904 18.6096952495 1
16.3533490853 15.4131775733 1
4.54727750992 15.6941674975 1
13.7316503158 2.61649081983 1
10.3921088028 7.14292522321 0
19.0738950552 14.8339249931 1
7.11241680175 17.453518957 1
0.719390292896 6.46189807094 1
7.66903287992 14.735003793 0
19.2960354511 0.0786096475693 1
10.6466603076 13.5238767685 0
10.0121376002 4.86426036977 0
17.1135124614 18.562969065 1
7.52331315199 8.95445981257 0
8.36185586401 3.63894615911 1
16.0528692501 15.4109850004 1
14.5261777669 6.37073823324 0
7.42641125032 12.6571482409 0
0.0810855414612 13.4941975784 1
9.25848510623 4.90072082028 0
13.5863057634 19.7003493744 1
19.6507424538 18.5018300696 1
7.2990827612 11.5815807341 0
19.7855245037 19.4056021218 1
19.2304836322 18.0981020466 1
4.66925133815 6.56654279782 1
7.44703747169 2.01422979899 1
8.88470802384 8.17359538405 0
12.2133032097 5.94572986123 0
11.2469365092 6.32640674881 0
7.08516577787 10.4920566891 0
1.45246327852 14.6020949629 1
8.47428852107 0.00837306283947 1
1.06475778661 14.3701113204 1
2.64177037352 16.2804634638 1
0.708744398613 5.77986582864 1
4.09365652666 4.03529926956 1
13.5151978121 19.697538572 1
11.6602863697 9.53924073022 0
1.62139614429 2.11753951199 1
8.81643064611 8.57190142901 0
11.8987426873 12.3445296114 0
15.1387183057 5.86580595307 1
15.9867848302 19.5975587171 1
11.7279510063 12.7759349433 0
4.6314566248 4.67121715554 1
11.3417832827 3.53825717455 1
13.0370610705 2.66771257428 1
3.57123346665 9.06062227481 1
4.54665636484 4.63575633911 1
3.36219278265 11.4650775148 1
4.2386797944 5.86239187239 1
9.34702756324 8.37184538756 0
1.90440824021 16.4793027793 1
3.20831158847 8.59895520869 1
9.70472893874 0.746695589824 1
13.726840146 8.59451538498 0
11.4324649845 7.69616770771 0
0.925346945248 0.0333324265595 1
7.88424711297 1.32032828296 1
14.9536062537 12.6978831907 0
18.9502845785 11.6949866821 1
2.66179281288 12.8864398511 1
13.4508942027 11.8221680526 0
8.55692435665 4.5837550757 0
9.5524899847 12.2280458356 0
5.39395164726 7.62553107142 0
10.9698709093 8.71265338382 0
9.67137424623 14.9623465245 0
0.735633997452 18.3396621644 1
11.4924706489 2.59081487767 1
2.80493745817 14.5726312151 1
2.75223489244 19.0468423152 1
9.80903049598 12.2848106396 0
11.1039297542 8.66191434854 0
9.66843380868 17.7778676034 1
5.52657899784 19.9425442578 1
14.6322947297 16.3995787602 1
2.84206951794 12.2932006624 1
4.47197422512 7.03479382643 1
18.1331419405 14.4245053325 1
6.2798923326 19.1483686799 1
16.6502098522 14.4358536249 1
17.0983497135 2.5789726197 1
4.74182603466 8.58936576928 0
11.4518274775 14.4781787839 0
13.5882338187 9.43858372109 0
14.1780607999 19.4441145301 1
11.6230134916 11.0080082361 0
17.9971887957 5.05977669757 1
8.05635232167 4.67679777933 0
14.191890932 1.35449076594 1
18.7903360418 5.96860591664 1
1.73223087383 17.1291103857 1
6.2089202221 0.135039622282 1
11.4829699878 14.7355070558 0
16.942008093 14.9634681055 1
0.487771024969 11.3094034488 1
16.7589728839 19.7362602987 1
13.9182539702 10.6437943793 0
12.9217526337 2.74529535322 1
0.683100070975 17.7719816828 1
1.773177392 11.0638774606 1
16.7671274415 5.01604701547 1
0.482905387757 14.2654510032 1
8.3793424623 6.59471801338 0
6.9074982684 2.90195593535 1
14.1208265879 1.75047186851 1
1.88124842252 11.6775291937 1
11.4708388881 7.06743506934 0
18.7075207173 2.75123451007 1
9.20900056839 1.38502072552 1
12.2577795524 4.58929731374 0
5.04770513806 13.4706104411 1
5.86478598541 3.33018621765 1
4.32615625477 1.551170975 1
6.9345451225 4.30071904421 1
8.0493826714 4.11615140682 1
3.70932451768 15.779426443 1
7.73246645292 19.8961571877 1
0.544408884064 13.3602627922 1
3.21624284724 9.5516815242 1
3.25214884703 3.25612732915 1
4.10688673715 2.69711480694 1
5.86069500432 10.7313034081 0
6.8906439083 11.8737125975 0
19.4848729943 9.28664989901 1
1.63203293543 7.82051863597 1
16.8006768833 10.4363086198 1
4.52420674212 16.7370179787 1
10.1600834005 13.4333273776 0
0.761318217733 4.5819374102 1
19.6309904339 10.8587902417 1
18.94173153 0.371537265382 1
0.914987503564 9.55492649807 1
3.78397592777 2.23822359684 1
10.71837618 6.08582350774 0
7.09996073882 3.42239633979 1
3.640711653 0.562642322863 1
9.79689549709 9.44098710763 0
3.12085535784 9.73123962724 1
0.505570392366 5.66650237845 1
13.2065942664 15.9855076427 1
13.5319599257 8.89842556628 0
12.375618706 18.0825807659 1
7.74382698903 10.0679613572 0
4.57301551027 10.964003248 0
7.72282198067 8.79139054432 0
3.7439752727 11.9164591627 1
11.1843949653 15.5911751113 0
18.5114647621 5.98733784614 1
10.0561670701 2.14766007249 1
8.66799158377 1.99765217972 1
18.3020374187 18.3305639914 1
19.0897451898 5.94703118576 1
15.4165936076 8.67453215681 0
10.8849476938 2.99314275121 1
19.9798571923 4.15948311106 1
12.7292706208 6.49757319456 0
15.2134302965 16.6515316899 1
16.3953919749 11.7559310281 1
9.01466052287 12.7687370825 0
15.9921641359 14.4743164562 1
9.7332886337 18.6870759856 1
8.38165336146 16.9584754426 1
3.05561109475 0.251527777073 1
19.5309041574 16.4426227206 1
19.8734078588 10.8044863362 1
5.48398827401 16.9714389256 1
17.3543220911 6.99105012865 1
1.58027013445 17.1856876917 1
4.06386685947 7.39212330355 1
12.571507531 9.70777448806 0
16.83597132 11.9699187491 1
0.766854293783 7.88119481298 1
9.72597520828 14.0407572072 0
7.65467482682 12.9122496618 0
11.8899256804 8.10394342868 0
18.8757233501 19.5076719745 1
12.9292666878 2.43271323911 1
10.9460394456 10.3003757193 0
8.52189169994 19.1042938459 1
15.1376661701 14.4624913137 1
14.5947002486 7.36448615099 0
12.3055713566 5.12176928486 0
17.6955340787 16.5013063379 1
18.1683796355 16.5788937107 1
16.3952163355 6.94295033912 1
18.1514988277 15.3638761077 1
13.2502174464 16.227902202 1
7.08331839107 1.78333381633 1
16.7053877563 14.2670407696 1
2.23589527912 14.9534290517 1
6.42839657404 18.1480543536 1
17.1622967238 6.91334449113 1
11.1131147154 3.62712180415 1
8.84787612063 14.172727432 0
14.4905745661 5.61680769895 1
7.8973975206 6.8928312278 0
16.0432554903 4.70162922084 1
17.9469237707 15.1201238051 1
7.00327651282 0.857462908141 1
18.3436696558 11.0038521136 1
1.03594116541 6.60515745592 1
16.2984509471 19.1738927352 1
13.4002561334 4.54758428016 1
7.82998022797 9.70758281036 0
8.50322381059 11.2928842311 0
14.7565408087 17.8230607584 1
8.68713982812 14.6811402505 0
1.04113855938 19.4148225916 1
4.0827924217 12.5011210657 1
0.339449000073 11.9845192176 1
0.044449526374 7.80091458027 1
9.86762437592 6.521745906 0
6.18331743142 19.5639494981 1
7.09705173496 16.2175371515 1
7.40358565646 7.20273020817 0
12.2693860195 4.10652967748 1
1.48788521063 0.0332947838524 1
7.66065410182 7.83487659237 0
8.13010377808 8.03466500907 0
13.5424390112 0.805122059947 1
19.1205083886 17.7189351719 1
7.14131897178 4.29021804818 1
2.82373716917 1.25751102369 1
11.6602483238 12.7379192016 0
7.1851424138 17.5261787338 1
18.5416357207 7.55533238692 1
6.28813214685 11.1897480614 0
1.24317957699 12.4795990075 1
14.7465973731 14.9334420676 1
6.81887823616 8.33039146406 0
9.37158075382 6.45717599288 0
11.0354388441 17.7696329031 1
11.055412127 5.2887400708 0
19.4056510507 3.47586089796 1
12.8525201287 5.80084010267 0
5.69550981403 19.0622357443 1
9.37529311703 0.484605879699 1
5.34814695033 17.1988345311 1
16.4215931122 19.5254830722 1
14.5537873092 11.6183602235 0
5.74903328002 14.1400065997 0
8.94040166576 19.1082210059 1
17.240386508 5.46532692358 1
6.46170924817 17.3570411134 1
14.8930793587 8.65838238814 0
4.24592337947 3.62181470154 1
0.238924023464 19.1301268004 1
12.3358625037 5.03275440406 0
0.446196922663 9.46266967274 1
2.57809010332 18.1328546156 1
11.585058077 15.6298664452 0
5.95435856318 16.3124128782 1
12.5379906102 11.8303591826 0
1.26662281316 7.47855887011 1
10.7121282609 13.4259779645 0
4.69564810899 15.1915086085 1
3.15679098663 13.5829183594 1
9.00140579678 13.0637980673 0
2.37031830354 15.8224185511 1
18.5512512811 6.19664383544 1
15.889279961 5.88287110685 1
2.2391190543 11.2900202095 1
3.01382470122 16.5819664402 1
11.0591253418 10.9975976166 0
7.37899613913 2.44799404539 1
13.605145412 17.9673000484 1
12.5678225908 8.08722956674 0
0.263451841209 19.3449812431 1
5.94953073042 9.55996851889 0
4.76879913916 9.12047755935 0
15.5795740531 9.1058874793 0
1.74213046083 9.81749128655 1
15.475040108 15.1030871305 1
0.244592233693 2.10393661454 1
15.2264566511 12.1254799167 0
8.2798072316 15.3474185618 0
6.74871531471 16.3445984628 1
4.63753344262 9.15800456011 0
7.49643363802 19.1727633689 1
9.75114371976 2.67642716909 1
8.64887777231 8.60662605091 0
14.7617131912 13.8575876122 1
12.8072823841 16.1758418721 1
9.40538659073 0.0152735504432 1
8.33801688437 6.13282205403 0
16.1549734903 3.52025977746 1
13.0366454991 5.30900109652 0
16.8891810297 11.4515910953 1
4.94801715128 0.892417115449 1
17.8936587658 19.1572030918 1
9.54756871774 11.5528856704 0
12.6934476334 9.78471146558 0
1.61223572761 5.99812075763 1
16.1752388446 10.0281186456 1
7.81249184986 5.1836811656 0
14.2539547148 8.34437215686 0
14.4857782753 5.4557404851 1
1.43072360815 7.34112116032 1
3.43818677708 11.3784073761 1
12.3851889771 1.89196977378 1
13.8096499354 18.038798411 1
19.195167714 0.414016406143 1
17.6934808891 0.538660007295 1
15.3836123657 5.89514816435 1
4.43456584622 1.52427434208 1
12.8083602481 5.21796604651 0
13.6016220691 13.5485125558 0
15.0718014445 5.70122933034 1
11.6743179341 10.1297229068 0
4.60430387832 0.995876696023 1
2.92739840913 13.0882316795 1
2.24212896266 18.2578472235 1
4.85665755598 7.68281817012 0
6.77944897485 14.0380593925 0
17.8791905469 5.60089691001 1
0.932806426767 6.37316364808 1
9.38133790098 16.3290573298 1
8.8869252936 6.60927396791 0
8.25073952021 5.36880368331 0
4.82848879869 16.9584993583 1
10.8950473656 1.34910572919 1
18.8205367222 14.9613429796 1
1.91664524037 13.0684502316 1
0.661286565713 19.9333978508 1
14.0709787414 14.6966574428 1
8.33467971386 14.9029515577 0
0.344814239229 7.06792154213 1
6.88482502617 4.11378818956 1
5.0250595823 0.439479861658 1
0.992078489264 18.1129037517 1
10.6117453959 9.5166074366 0
5.61750873985 2.27841770923 1
5.24860906505 7.88634862053 0
11.6931005668 3.9665066866 1
9.33711776791 9.78933655276 0
1.75963986977 19.6401634529 1
13.8596805032 8.57040795716 0
13.3552535899 11.1130900529 0
9.79680512717 14.0559554123 0
10.0568255403 6.94473183073 0
