5.978465499880274 9.753287843362104 0.0
11.441736412151453 6.14828602736655 0.0
6.54840097309971 13.469359601411712 0.0
14.859262844892267 8.849436542875535 0.0
8.614855468986821 10.667191057066292 0.0
11.490318683023428 5.585009013315956 0.0
12.296155221450205 13.34721943038782 0.0
15.183630724126033 10.076438047040162 0.0
14.22229890471379 8.769284752021843 0.0
4.36900847932812 9.22445065987265 0.0
13.86107990853727 14.12163889202426 0.0
11.71945840407983 15.587531181054164 0.0
10.087463615856402 5.291377479656571 0.0
6.2896375297036355 7.003697033776546 0.0
5.412305137988178 12.640035484583816 0.0
13.106669463011649 11.887626300089414 0.0
7.763899553221747 7.932509281864782 0.0
9.71171791487421 10.821506031439101 0.0
7.771312668631271 14.907647041430586 0.0
10.27646747981863 8.879643335877736 0.0
10.299648596572663 4.463956641554674 0.0
9.762802896861736 15.65193769202864 0.0
9.59738582937701 9.559929112891439 0.0
7.773593416702038 11.021736325694896 0.0
6.315348105055394 10.113871203709921 0.0
12.931851294181264 12.76949408895052 0.0
14.537560971100485 11.100532780095849 0.0
12.7093019707043 6.735794264569277 0.0
6.709842465423039 8.351755765723857 0.0
11.186531744158039 9.47201322429015 0.0
9.791272774402405 7.127795855194304 0.0
7.4264118821223635 7.705110772703547 0.0
8.944048061227075 15.491664519064269 0.0
12.491214014308746 11.26445115860276 0.0
15.028971311196491 12.04393722863057 0.0
9.257386620146328 6.701290860413216 0.0
14.535054978041757 7.2655178768431465 0.0
13.179528256332576 8.637389317227997 0.0
13.585942255716404 8.966819362829757 0.0
12.580470964714966 14.294592164178146 0.0
10.92657794050594 7.348812966855654 0.0
7.180769739944761 9.281632964446228 0.0
7.867366051542312 10.205011952516044 0.0
11.986793939197128 10.922727911194102 0.0
12.033753179335054 7.912964461401861 0.0
9.064193170431443 4.382218254445853 0.0
6.7041447045784 6.609277296225608 0.0
9.943253763014294 9.526776830683463 0.0
12.070652786559235 8.323560105440455 0.0
13.0705024108908 8.253390851904285 0.0
9.034474651541904 5.896075227145998 0.0
9.446103824673722 11.315082595020653 0.0
15.445303574049818 9.987718815777756 0.0
15.111604705583293 11.638742709340459 0.0
6.303975443442942 13.912382561087904 0.0
14.80778727505746 13.530864657369738 0.0
9.8446555072683 12.18912812273377 0.0
7.353014624220724 4.682430986925561 0.0
8.503692271377183 4.27670338278549 0.0
7.204222752712807 10.273183589918922 0.0
7.74098536927569 6.333765793253059 0.0
9.414264495335331 15.207734556865887 0.0
8.235850016722495 5.963606996541855 0.0
4.690924181633855 12.329831768735723 0.0
7.7598764468633625 15.390510351413617 0.0
5.764882134925116 6.744905783293809 0.0
8.162444255436883 5.736512051106429 0.0
12.419976897627281 8.011725533943611 0.0
10.5944107699582 12.037923533108119 0.0
8.167686069065192 13.952302785781407 0.0
13.9405917887503 11.750037722076323 0.0
8.679884134690584 13.576546319799167 0.0
10.92275545944502 6.68670935343612 0.0
12.992357055178696 12.689698234168318 0.0
11.461274036261521 10.649149551306918 0.0
7.314989349545238 9.11662900963101 0.0
6.446636101215626 9.80815768384446 0.0
6.486658300446518 13.226386893839372 0.0
15.331402952717255 12.485038216047338 0.0
11.878517809249088 6.620668209972036 0.0
7.454137090939383 13.587150119839473 0.0
13.696631010427463 10.882584479426484 0.0
12.771250077432201 6.60050313423592 0.0
13.070400389487167 9.978773225923197 0.0
8.656143694841516 13.88189885166614 0.0
15.56333756110953 10.947159080951007 0.0
13.16328409697177 6.857795130135102 0.0
9.701980733040054 11.958069586695736 0.0
8.8773006295846 10.924625773381303 0.0
7.379093079214265 13.479046277323706 0.0
10.329999831441972 4.309123491539914 0.0
11.543603419551829 8.05794061867262 0.0
15.70728066105909 9.667650088687221 0.0
9.237589349390081 13.56662616631851 0.0
14.074953265730281 8.82129325856714 0.0
9.889046200801703 5.537299763215264 0.0
12.325307394877786 10.95795054912302 0.0
10.237142164755756 5.445722254048855 0.0
9.527502972079313 15.905006655502005 0.0
8.267850501471516 4.412253392601486 0.0
13.210973391611871 9.018531913809333 0.0
5.532697980015593 13.26569441407036 0.0
10.709196430857288 6.02112760498682 0.0
12.931954078898485 13.37183884427487 0.0
9.914359372586032 9.943871336843406 0.0
7.9608428583496575 4.689776784831339 0.0
12.786182594000245 4.761622902120147 0.0
8.54406258419755 7.778895582202773 0.0
5.581409326241886 12.53762464856106 0.0
7.171596755624632 6.063431320906929 0.0
7.88173762167923 11.940434065964023 0.0
12.151674293551011 11.49430191805785 0.0
5.684726961714388 10.118764116294798 0.0
10.493308169140501 12.908319180947974 0.0
10.881335168576438 13.466153955187083 0.0
6.8355392703115285 14.52392560409673 0.0
5.504061465979273 7.5585090163435105 0.0
11.567313057728573 5.966953145957115 0.0
7.469437469295501 4.61234152522943 0.0
8.103260501021888 13.218021109914588 0.0
9.521950581716993 7.666194378047355 0.0
11.228622570820281 8.867172749964435 0.0
14.506518567561532 11.405598218036268 0.0
11.736304375461081 12.993005887369204 0.0
15.703714841670486 9.747026040252374 0.0
15.711381519494108 8.715178827716052 0.0
9.57314242880609 15.655113447690653 0.0
12.560737698807795 7.874442528393725 0.0
14.409429328541004 6.292754291281726 0.0
9.423665395652883 9.237028517549543 0.0
4.935794790921754 9.126404933342187 0.0
14.863703220995166 10.53051169081376 0.0
8.788182847120865 10.497095385227691 0.0
11.224754832095972 8.413938523473467 0.0
10.07279796838385 14.656809592492344 0.0
12.778321582173893 10.281082147588965 0.0
5.700526520490374 12.020624241189577 0.0
5.862758464228839 8.810560957637284 0.0
13.926246387431526 7.58462234022117 0.0
8.6704881071742 9.468326615618 0.0
9.403962308588552 5.37250340442347 0.0
4.723601621553117 11.392149541133676 0.0
10.359628149203148 10.008810538094961 0.0
8.384002487749072 13.119027870160885 0.0
5.232115074279379 11.482429963316097 0.0
8.969894338537578 9.55129294369904 0.0
13.935737494502332 11.074583384675163 0.0
9.749531930068585 15.680523957944033 0.0
8.432497006458878 6.681377930589258 0.0
7.709431899107608 14.392170267240454 0.0
8.608222682159841 8.849833053667783 0.0
6.821790833304744 8.58816926647253 0.0
11.931903425373703 4.367325952359651 0.0
11.52546132068885 10.866033817633145 0.0
12.684431150836419 13.670167945508371 0.0
8.092993549472858 12.422678728107424 0.0
6.102025041173333 11.177124458702629 0.0
6.261840529121092 11.164527405807245 0.0
12.868675815529883 12.452025517978429 0.0
11.485624983991439 12.374572726003265 0.0
15.236773455591848 10.14399444461345 0.0
9.757126019964389 6.796792766717186 0.0
14.642475967186286 10.05854805998357 0.0
7.093629084145849 10.756311620388654 0.0
6.222118350308243 7.9171083770443 0.0
5.015568202564962 7.026148965750663 0.0
12.015821688706135 10.579582230285006 0.0
8.512319349579258 13.647469855987527 0.0
14.844241196946243 11.88663457519836 0.0
9.30050123350151 9.085820021093486 0.0
9.159494224097404 13.8797733772119 0.0
11.484187782179852 15.54306238287942 0.0
12.526082072224355 9.004093171264572 0.0
10.718761915846232 4.812023626506409 0.0
9.949560720777615 4.115737024487663 0.0
5.661167740707523 12.645558938533785 0.0
12.613110220284065 9.342050921343505 0.0
11.630858197866761 4.603193641869272 0.0
8.976288523221934 14.483199814627248 0.0
14.307322454313066 8.741813401090104 0.0
6.41250515873891 9.772680903389642 0.0
6.071960057603709 6.97447035255095 0.0
6.637045406083725 11.422348556004637 0.0
10.541689005784253 9.180867368706105 0.0
11.710133042463983 7.505640782222532 0.0
9.857384139143546 6.8688680086016 0.0
10.057985318945196 6.147705967654651 0.0
7.813423590739914 6.969402285263011 0.0
11.18767211477007 9.696902497876671 0.0
13.38532663335559 11.238214616018826 0.0
11.51083946059412 11.105800224314725 0.0
9.342029289934729 14.465847682962965 0.0
13.859100715256634 7.19815859108742 0.0
12.869616164100128 4.778560313181011 0.0
15.778820571813359 10.45394312294971 0.0
8.014491728649045 13.097229839912956 0.0
7.417714669889383 7.58667286406542 0.0
7.057933544853827 5.932402548925781 0.0
10.54575022183134 8.161013710185372 0.0
8.04563208919187 10.465693108535847 0.0
6.778883904913295 10.487127335634888 0.0
8.836531509656158 4.889762976978027 0.0
10.345935256721813 14.905904001139351 0.0
7.981331585084533 14.872092105541093 0.0
11.34169378201926 8.737791703601266 0.0
13.784966058104956 12.05648634356255 0.0
9.602285087924109 7.38693301723123 0.0
8.582473821476775 5.724891262461631 0.0
14.199465505997091 9.715151620767323 0.0
12.585978107246557 10.539939033613678 0.0
5.804092938289447 6.412408564889509 0.0
9.33421848083627 8.333868972907247 0.0
11.789711379035328 15.125984329976722 0.0
8.209725045120791 8.295369713612589 0.0
12.956780664918579 5.911745142988423 0.0
7.801376820759895 13.421436194662492 0.0
11.888548478384484 6.726805419882773 0.0
6.687243988384783 10.938552401805023 0.0
7.706343587454523 11.280715093710258 0.0
10.10901539230219 9.434073327737975 0.0
14.191401700957805 6.194044408855688 0.0
12.199345633875714 6.275252111771053 0.0
13.725959992748212 14.643624997672859 0.0
8.050888314442625 11.638427487823812 0.0
15.195382419549137 7.68129670465449 0.0
11.773696289412502 9.444633953871566 0.0
7.7812736183498625 10.958079012561509 0.0
10.43245121239579 5.703013274564861 0.0
9.369803759542885 10.161161665524915 0.0
10.135720714173726 5.7348570405747505 0.0
11.972921293776773 11.003456404250873 0.0
11.559218631941766 12.607775972542242 0.0
7.319744938872588 11.310551540780816 0.0
11.531903132635492 12.959159192441357 0.0
13.576522708192302 9.100220114328543 0.0
9.191216610724528 4.407390852208602 0.0
7.78115431830839 11.099680162662933 0.0
5.262478615198076 11.012913826996659 0.0
9.38851966116941 15.73577177116177 0.0
7.451489690988309 7.840702354707247 0.0
15.004924176155313 12.302526375776278 0.0
11.385744164860231 11.80169029571059 0.0
11.447131537167174 8.691635398968591 0.0
12.605398608934319 8.62881977133312 0.0
11.461133659419382 15.552995272334911 0.0
8.006230106112845 4.3768992327466965 0.0
15.094845750145101 12.730140288534423 0.0
13.491203181109642 10.407688774583486 0.0
9.975199158572476 13.390885004846545 0.0
5.029555513459956 13.012036407629848 0.0
12.718468620767405 15.083863840464499 0.0
14.512620234349825 9.466632434700749 0.0
14.541111227140009 9.772284260431581 0.0
9.215760695365224 10.13563536073214 0.0
13.168598839618994 9.855835172371359 0.0
10.230192930980886 4.180543087794478 0.0
7.196171416361603 11.986985290252436 0.0
8.711537141429384 7.517650625455574 0.0
6.073192929915772 7.135539605831727 0.0
11.7089860271928 11.929225194004324 0.0
10.161706243295914 12.983509161182551 0.0
11.327519683644347 14.744285209887211 0.0
10.704806247925742 5.551307838876582 0.0
5.4375819035764135 9.50439984241574 0.0
12.320784570563424 9.186878067205575 0.0
11.695113069216347 4.3435882384688185 0.0
9.080017458075979 7.8059211744416785 0.0
7.733993064166871 5.916584090558379 0.0
7.147415321770739 10.682344636706633 0.0
7.2849730653546585 8.689517605264594 0.0
12.726546727061812 12.28140226607625 0.0
8.810243918511013 7.739829653232331 0.0
6.732665887269125 11.116116834723337 0.0
6.6860027225877 14.975024875637962 0.0
8.766856343542175 14.180728594834422 0.0
12.742460768615175 6.150686207442153 0.0
12.01177251227049 12.922726872610559 0.0
8.272233700602904 13.082539405355142 0.0
14.689296561963234 9.264352030053223 0.0
12.360527681482786 7.509179119104854 0.0
10.14142331757325 4.12327643822122 0.0
12.841847612147372 11.292834261924494 0.0
10.180452907175164 14.420935596248274 0.0
6.410117680638101 9.610519593615837 0.0
10.714517174830407 14.881374953361926 0.0
10.519386448463862 5.591402867859525 0.0
12.815258710396744 8.799220513231196 0.0
12.36517839807249 5.287186079362193 0.0
13.322675826594992 14.499234454270795 0.0
14.465484350727916 9.221996847226514 0.0
10.319792316889735 10.77845822086041 0.0
7.874546853421453 5.131951883043724 0.0
9.10641309642652 13.243770676073186 0.0
10.06000945723287 9.191794288002535 0.0
6.516688425042503 5.148456569676485 0.0
8.035848555507814 10.782021279782539 0.0
5.507047235345741 11.993611327217451 0.0
7.152898234936272 12.100226128883397 0.0
5.894468619448707 6.622203002748613 0.0
8.96607091527897 15.066435203219283 0.0
8.92464862905005 5.856380761314655 0.0
8.62747982786582 12.4886722007722 0.0
10.857320735601228 5.08231022606747 0.0
10.204871644641889 12.141535060259267 0.0
14.341707372114634 10.028840078697755 0.0
9.810938463363419 12.384986525882892 0.0
5.995759953122402 5.950630085198045 0.0
10.562226346911384 6.424932330167035 0.0
10.117066219212592 7.721656566872532 0.0
7.325465574724223 13.433941427054991 0.0
10.45778097382071 12.860883632166498 0.0
9.696838614849732 14.923252726960438 0.0
8.712644000123351 14.450065542761525 0.0
11.618807376143636 8.294497212245794 0.0
6.225332708985485 10.974375193754693 0.0
6.997383220364521 11.976222055449163 0.0
9.614483225055121 10.936045690374323 0.0
7.426148455355007 4.708084508201422 0.0
13.716100466235181 12.703371485936321 0.0
11.854480176012878 9.840907149370178 0.0
12.077686128672546 5.89546589337143 0.0
11.57856880215194 7.504370892465717 0.0
9.70658712174582 14.28905484632639 0.0
11.30199710838604 6.190791016289429 0.0
12.808488585423108 9.152530380225087 0.0
12.790441124763825 14.836913882520182 0.0
12.715442575028451 14.66819096822202 0.0
6.401023188858885 8.345607233052723 0.0
6.498923886143797 7.305628821446284 0.0
12.587286676766748 8.429507650313175 0.0
12.19786572171985 14.270905240819099 0.0
6.866011988802574 14.396373381497284 0.0
12.919918171765858 15.240705489297682 0.0
15.494630131470222 11.461723972695054 0.0
9.114663785512429 7.598040898310394 0.0
5.107826241344597 8.928409454767012 0.0
14.035501891441784 9.236143436602362 0.0
13.2303085718474 10.22576309038876 0.0
6.857904030992598 7.040570237105481 0.0
6.205821903972371 11.096869015274663 0.0
5.970435994396701 12.213960178689124 0.0
10.81168697030285 12.567527112280581 0.0
8.766743174891907 11.747865835614311 0.0
8.14026611812123 14.843677776783196 0.0
5.112902004995393 7.555572401067547 0.0
10.797941953028776 14.828359947261564 0.0
6.944032313231623 10.09800018232994 0.0
15.709210079170298 11.51967674159768 0.0
10.02468462568385 13.692450117971278 0.0
7.421934888538704 11.174855840980957 0.0
13.059841193168179 13.16078581620042 0.0
6.525642019754574 10.500438376971456 0.0
7.781485799599026 7.0182462415909175 0.0
9.011713240784573 10.264707568545695 0.0
8.702441777467392 8.349711972217435 0.0
9.823312745565417 13.817417360716336 0.0
7.54799481810533 10.201328146087494 0.0
7.662639059851887 12.244807148353372 0.0
7.3571358222505605 14.806946330722974 0.0
5.840915028922722 12.461945018436186 0.0
11.441143519513163 10.851387439361757 0.0
10.638535631893848 5.720991919141785 0.0
7.672655673839812 14.194644333599275 0.0
7.14876550290043 6.472958323215696 0.0
12.669388265090015 8.894576531007301 0.0
14.4114334892035 13.954855139681829 0.0
5.987441409008792 9.283259364592144 0.0
13.911714039832558 10.521954612037066 0.0
8.238460100941431 11.281004887315582 0.0
10.188370074727919 10.252026941448198 0.0
13.15017362742676 10.427586591037638 0.0
10.808507723508411 9.287281363378906 0.0
7.692185535832323 13.408622942754068 0.0
8.572616362762718 6.581269196888999 0.0
8.386463535387962 14.677625409579967 0.0
13.996616885248978 14.182826842207849 0.0
7.4899998289193315 4.70956224549937 0.0
12.974238496941012 6.193922746211342 0.0
9.427348482968585 5.265405136811174 0.0
10.452637978095044 10.565965186554394 0.0
11.081627698259924 14.382398753437117 0.0
7.9851442667687955 12.700765347898312 0.0
15.001003921890925 10.821339381941023 0.0
8.099760087095678 12.772830727308879 0.0
8.147970416883812 7.735956417302534 0.0
9.468276333047656 7.043533371506765 0.0
8.977831437137462 8.10518619495218 0.0
8.74976452454272 10.708287756729485 0.0
7.442882409267972 9.338353759134993 0.0
14.000962653806804 7.230214735106577 0.0
12.753738766155859 13.938577300085713 0.0
13.503856444616067 6.027042971233401 0.0
12.897104468763532 12.064681804589378 0.0
8.702173680239815 10.037646049453704 0.0
7.248523011122316 5.817941268592599 0.0
6.479445427537107 7.995516629107218 0.0
5.782130028455668 9.486233064727557 0.0
7.774382513404521 9.877544817454133 0.0
7.267610790146284 5.081935814318745 0.0
8.29381188427784 14.66033010983036 0.0
9.356772067329189 15.492977413206209 0.0
4.350223020789317 8.184149115009413 0.0
9.495539580595656 9.3043586834487 0.0
12.197062135581394 5.422948041685533 0.0
7.47009392371615 14.387266916846468 0.0
5.486308970021887 7.204112747033433 0.0
6.123238093702765 13.343068170140047 0.0
12.088487600711506 11.10226781598593 0.0
9.04773976465539 9.88550270014555 0.0
9.024037423765627 6.993408752340871 0.0
8.478114437522429 12.35070490500308 0.0
10.390356937951339 14.14915978992697 0.0
12.84766163344472 11.240928313494402 0.0
7.12038632760593 7.5558887279773845 0.0
10.31954524257541 6.356348934668572 0.0
8.065002432816428 7.22597268467428 0.0
10.420722862583304 7.70603280582046 0.0
10.18696304278899 15.169728780276596 0.0
11.17669667694675 5.941347894323972 0.0
12.088000989965494 10.422650646495192 0.0
12.952761509926322 11.667310061869518 0.0
14.08634585110107 13.932276207482548 0.0
15.04057055691293 11.811970580771778 0.0
9.815127667635025 14.041338543585333 0.0
8.10264066916413 14.164406799949694 0.0
10.532809481240996 7.215407914094964 0.0
11.33682806194961 13.795524340856186 0.0
11.188837065504247 12.532373237377257 0.0
5.0385682078400045 8.439074388156678 0.0
6.463166587806397 8.238443215879336 0.0
10.073386574840043 8.462002336157951 0.0
5.0670964450125915 8.66510052923643 0.0
10.594896543738802 8.952793392101903 0.0
12.884118415478953 9.311547265428565 0.0
11.69720735623979 6.357021773599012 0.0
9.199884941598754 4.776412974266961 0.0
11.59552861973584 8.860284017433937 0.0
7.438936190647021 7.608170155284464 0.0
5.505220051041883 10.173245250298958 0.0
14.577187922189554 10.243119486988325 0.0
11.286412045397158 6.090588765816807 0.0
10.266326922329345 6.526775841110566 0.0
7.765093589227923 9.157996632426155 0.0
9.312620467984381 7.887582537725743 0.0
11.432592125966268 14.824887057483112 0.0
11.3295471745021 8.96676617907832 0.0
15.083516111546464 11.61562631821961 0.0
7.531349506687006 11.384566117591863 0.0
11.238227532345025 10.52211851988876 0.0
12.336175474310831 14.94103049268928 0.0
10.795448224737633 8.792462235960517 0.0
10.6682074059005 13.70769023185337 0.0
12.773805098426651 8.284966834473014 0.0
7.064790141442625 12.538901180538229 0.0
11.029625886125503 7.137066491142838 0.0
8.586844318191968 7.685787330936371 0.0
11.973801263900661 6.609358198552409 0.0
8.774052652966622 11.105889973279643 0.0
15.249578372081125 10.781395997010545 0.0
11.162091079802883 11.081206094871822 0.0
5.717577747600917 10.199239163299955 0.0
7.80868905277752 13.83327681557753 0.0
14.237411226267703 12.21967500239981 0.0
9.02545055084513 7.866085204679787 0.0
14.539646091026881 10.601100518616487 0.0
10.201050540393267 15.963971893309154 0.0
9.926357803687917 14.996352866253176 0.0
8.898107988276564 6.952994734580315 0.0
14.465203334662737 13.89362577644368 0.0
13.59418789558838 12.258599662553014 0.0
6.5798094513905525 11.644195222234988 0.0
10.175463190575417 13.375868369175842 0.0
7.761723084183291 10.80809190609201 0.0
13.205069420976054 6.7361774306554745 0.0
6.963152362164018 5.415176970865581 0.0
5.437100338606838 7.625699004311006 0.0
5.903659573610838 9.33143003948236 0.0
14.119763477197 11.991858889206306 0.0
10.20497576595818 7.898957382425107 0.0
13.336925685137404 9.78113170973543 0.0
13.417740989307248 8.412047738754255 0.0
5.796600051153032 10.130254955668011 0.0
11.47023665632348 13.917898626250185 0.0
10.420202900652464 11.682594703050084 0.0
14.759312963497344 9.475421319980526 0.0
5.560113521222842 8.990095711577998 0.0
7.4927579927839645 11.212273254023648 0.0
15.400204613763957 10.041143413373728 0.0
11.104583888097086 4.548227302973595 0.0
13.470242438747029 14.322609599570729 0.0
15.707045861788952 8.284096261457616 0.0
10.352236964478509 15.533631812327098 0.0
4.90336595572866 8.832223098202432 0.0
12.34080368054028 10.060966009116793 0.0
13.066945514339096 9.643745738632239 0.0
5.771027809263445 8.940595654797487 0.0
8.408739680989804 8.248682359923054 0.0
7.8477024105716175 12.88332180894006 0.0
10.626425992777593 12.559868775161188 0.0
8.063119409648545 10.85334127059336 0.0
6.956270129544251 5.824733602309234 0.0
14.150383800202409 13.915856038807267 0.0
8.379203889592839 5.535316649250248 0.0
13.847676565205116 8.033189522366925 0.0
14.069465378214574 8.139894793269333 0.0
10.080617419671379 11.336601590185468 0.0
8.569818723737786 7.8263118805736305 0.0
9.201603086255101 5.9405273278214725 0.0
11.797677401396903 11.652510179153069 0.0
9.324222736619586 15.067976036116608 0.0
6.469365071383559 14.693645984692832 0.0
11.34848689008982 8.687929567822877 0.0
5.701994584048258 13.420303746843453 0.0
9.644545455881355 8.743400897467605 0.0
15.89489006604632 10.350217746640414 0.0
14.6054902129062 7.735642643366585 0.0
11.837756145571895 7.391134055361384 0.0
11.02070494151419 4.388459663765591 0.0
7.204688645605726 5.137237080535389 0.0
15.637387526656807 10.765555491928644 0.0
9.832155029753922 5.798192549582528 0.0
9.566423072779443 8.740840525298614 0.0
10.13202959198722 15.705085962160272 0.0
8.575855572901451 10.270668075849256 0.0
9.39294921178643 8.913371326164853 0.0
13.948992048223054 10.51409423037292 0.0
11.726159742910609 12.150798160673153 0.0
14.148167630618403 11.84437437148347 0.0
11.276893423772162 13.961481462811033 0.0
14.31582542596966 6.096423676696556 0.0
12.591560018707305 6.895421656622247 0.0
7.890847890564938 6.21923887308138 0.0
6.892209428403002 9.511600924990898 0.0
12.506825512599477 7.4701161388049435 0.0
9.443050127705835 10.423487949147201 0.0
6.745287057510594 6.201888492153214 0.0
14.191082407612363 14.190722862898697 0.0
7.252893804757299 5.350583682790068 0.0
5.684578321906926 13.338826148467636 0.0
5.838463002141207 12.676089948790182 0.0
12.001382218331486 13.094316785134058 0.0
8.96226577896661 12.684571128567132 0.0
15.653549940309164 11.499715287446186 0.0
9.373244117943019 5.958661084551058 0.0
9.900911474666188 9.468377529936136 0.0
11.95316668472168 13.711375734986685 0.0
12.975271608193907 4.9215578136609945 0.0
11.644035792491156 10.415992086076217 0.0
10.765524848476897 15.329637278535566 0.0
4.558369431224549 8.142877438347728 0.0
11.799759231558642 10.779287135150284 0.0
8.291112059316985 10.688804906095552 0.0
13.921632459093587 12.833247690559277 0.0
10.687683153021108 10.993088740224504 0.0
13.49707499568887 12.620314697830075 0.0
7.589809601488435 8.668938684728767 0.0
4.99069591139238 12.706557627090119 0.0
11.679142679399547 8.268205859413422 0.0
7.3799818729985045 10.96795973443799 0.0
9.788975225353447 4.744484688911335 0.0
12.78062232127747 6.411443887923438 0.0
8.127170483757007 13.03048760556088 0.0
6.082749212775706 8.668384244354 0.0
10.506727111485898 14.252820137188584 0.0
11.277692740187515 4.218012404572202 0.0
7.1417140833948745 5.268272952150053 0.0
6.315858191220878 5.802961393949621 0.0
14.204213128286888 12.808439877170832 0.0
5.697378625246201 10.62542413954359 0.0
10.711985924264862 12.402533581276343 0.0
15.681203059765274 9.11682544827972 0.0
11.953109577491613 14.332327775019793 0.0
6.470065267139866 7.121279198156147 0.0
10.100296300600839 4.717644420125302 0.0
15.08783847510699 12.390163598368735 0.0
6.067922037516165 10.275309766409489 0.0
13.105804449791043 7.900663328730455 0.0
6.366500040280325 6.353917142708956 0.0
7.596411365608171 5.85491800772147 0.0
11.123654660777104 5.5341154705563245 0.0
7.337102224814773 6.2562995664097265 0.0
8.085947281379253 12.956418533783232 0.0
9.438326787569679 8.365678147720521 0.0
8.889368018434421 14.073312856922694 0.0
12.930016593868185 8.964884319050846 0.0
7.756411620567989 12.39336654164977 0.0
10.194414791086482 12.151635455072158 0.0
11.50038544619586 9.8644805328221 0.0
9.841040414633518 11.054621276827717 0.0
11.922402792795534 8.94488801064631 0.0
5.226211471448108 9.775077581491239 0.0
12.67297371470291 7.71383687353466 0.0
10.109339806508544 6.490235079000399 0.0
6.974730569463812 13.890277970178799 0.0
14.547417859906322 10.453981556603836 0.0
8.391405398773708 6.628558315218798 0.0
5.639262579953257 10.097002347320046 0.0
8.922715248399493 9.926508361545977 0.0
15.166722770593864 9.571961657175553 0.0
13.927168397632649 13.207125929562306 0.0
10.098191735117549 7.829285468440084 0.0
6.9091379757201725 5.130230839666621 0.0
5.91141741535888 10.53625973825104 0.0
9.553498286670031 4.732771739799704 0.0
7.482383900008623 7.439840757364733 0.0
11.034654237313221 9.467452640886368 0.0
6.978444617322106 13.149381972241548 0.0
7.586704238442086 11.665358891817142 0.0
9.582532241305621 8.481927213549733 0.0
9.173842355814294 4.390189731570904 0.0
13.248690309693107 6.470865853187844 0.0
8.39728149587913 8.099482583014481 0.0
13.256653336530208 9.631634616486526 0.0
7.786955178368564 12.094355835949269 0.0
6.911783221541126 12.040415268592561 0.0
9.060352135891495 5.292767813939687 0.0
14.053055249112596 14.317601709606782 0.0
12.912299561893361 7.713954598490414 0.0
8.985917140883714 4.558849253578976 0.0
5.84773992134251 8.248560483285425 0.0
8.810917831311226 6.0284110947675025 0.0
6.285646892411759 8.267712635656164 0.0
11.29360788565326 8.436643630994265 0.0
9.611815022489246 4.941840416124856 0.0
13.33475946979139 14.753128027688803 0.0
12.339063854423797 10.206914011946772 0.0
7.970415471089066 6.147259104574234 0.0
5.073193465246502 7.575035281248086 0.0
11.648000737823804 4.531194004767512 0.0
6.080385361712386 11.935859509603597 0.0
10.508092280714587 10.392216272527738 0.0
13.893021251854288 14.383187268980453 0.0
9.485448604573847 5.246811882309355 0.0
7.815837792265652 7.419773781207217 0.0
13.224085091688686 13.333800590171931 0.0
12.022971127274518 11.133619853033219 0.0
9.543698204970873 5.621616269660263 0.0
11.676833634598495 9.84419447446156 0.0
14.051273275411173 5.620827430875252 0.0
8.137145015931363 10.685678194316033 0.0
8.983978461556973 5.771430828251671 0.0
10.186150789498065 8.652280959113979 0.0
9.83947848919554 12.957746359299625 0.0
7.955191261613985 10.956196126758655 0.0
13.53841213353234 14.175422782063569 0.0
8.286117687133014 6.947253812560435 0.0
7.179496245267711 6.550101764364744 0.0
11.105004771777665 15.656738511770874 0.0
11.866981623157484 14.345854449016143 0.0
12.064226335245976 12.907362804019888 0.0
6.892563729228478 6.185863198751638 0.0
7.618978442354038 10.316600788701855 0.0
6.772915887474489 14.8593891911122 0.0
4.154953500160672 8.903012923375854 0.0
10.918381385942983 15.522241574145903 0.0
10.088998071306625 14.894186448057798 0.0
6.568861955534821 12.543402726509168 0.0
14.229034469800311 10.486797755438406 0.0
9.03393686937806 7.581211277869652 0.0
13.972494873824143 8.52853421431172 0.0
8.008534483055016 11.025168367077661 0.0
5.774255717983097 9.656570746309708 0.0
12.103135054701886 13.220461673067796 0.0
4.820916623897864 8.216169445888223 0.0
15.459126601228109 7.514631785983403 0.0
7.668299166441972 13.479682176764191 0.0
8.155447887270151 15.508208747073816 0.0
15.410593373427526 9.56544420235226 0.0
9.813484565430894 15.375410076364977 0.0
9.012228219215848 15.407132448099325 0.0
10.989621258771994 12.961844010723393 0.0
14.891085514486516 6.905439423634119 0.0
10.518455368581176 8.762044197068416 0.0
10.390517704611 11.021725317871345 0.0
10.490123494950756 15.286400121208576 0.0
15.034264808375887 10.80966194405292 0.0
12.293442732249906 9.535376816306197 0.0
11.24125410180717 8.428878218801133 0.0
9.254240818805066 14.926457181342005 0.0
8.494743686125862 13.849094839854967 0.0
9.874940783373024 13.520322300457435 0.0
7.859287186586375 13.136229919035138 0.0
12.073824677978266 9.183069440418198 0.0
10.9135516967185 4.601288116196751 0.0
10.324519772236048 7.49328125225788 0.0
8.630166751655517 13.580391250297252 0.0
7.394262925982895 5.188447789499082 0.0
7.693340838198949 10.034765364233266 0.0
5.334109858281392 9.58378618044506 0.0
13.066807284273432 11.383917913776473 0.0
9.35385395033567 4.345353196653006 0.0
11.647216258621995 12.766518781951465 0.0
9.001190269761105 5.42339127646289 0.0
8.809449197102648 11.107758994632945 0.0
7.533922313435653 12.31266790183652 0.0
6.7510788579798 6.811213362372753 0.0
12.049962863808863 14.557289608997198 0.0
5.016609533213154 8.64914856373228 0.0
12.31108349071561 14.970329322301732 0.0
11.78429488438092 13.108880225454612 0.0
14.792063182324428 11.34116565815247 0.0
12.022906692211372 4.366142818145038 0.0
10.59169037144356 11.300247176753764 0.0
15.194930622450983 9.116631718416073 0.0
13.944275923319275 9.383963184523516 0.0
10.573287490194934 4.752366161667525 0.0
4.340620633123747 10.132389595248023 0.0
9.59080622912029 15.290534769960264 0.0
10.996156701987367 14.676319397169475 0.0
8.192830474530542 8.393023418285814 0.0
7.460986274271049 10.959418577644033 0.0
9.317523360697619 13.061173552269988 0.0
12.046424503760488 7.808021992012413 0.0
14.325487650326654 11.254542740907503 0.0
10.598004906846388 10.238063705095888 0.0
9.643025785685806 7.296765660927351 0.0
11.156778875354693 11.616566425182768 0.0
6.089549406235417 8.0008442617709 0.0
6.775616613947459 5.726510483977918 0.0
7.051721627890557 13.182514048096571 0.0
13.030170410347232 9.814391832157426 0.0
5.832905501141113 10.466914052407297 0.0
8.154140607019775 10.726435617329566 0.0
8.20076783349349 12.447448824307381 0.0
12.152177498263226 4.664508888923551 0.0
11.942504035445252 7.561220937168347 0.0
10.483656991696982 15.568263387333088 0.0
14.250051756639273 11.717395152915115 0.0
5.915259157030008 8.635983224865523 0.0
14.711702963666731 12.443770835261535 0.0
9.46514719475678 8.127997354618312 0.0
5.145317995175271 9.311203173779335 0.0
12.644899428093142 13.91441998051367 0.0
5.792769300474481 8.304032948108933 0.0
14.71015672544337 10.94133127121992 0.0
6.976436804736677 15.167600355786085 0.0
14.324615648730198 6.524947414109206 0.0
13.563467731046586 14.331774529722336 0.0
5.615329900555787 8.212039418379543 0.0
13.63441555646714 6.264995646914757 0.0
11.994271997741524 5.228333922231192 0.0
10.202333806966733 5.013799065457603 0.0
13.921348686452337 13.843288680558006 0.0
10.276566659801357 10.479659808968302 0.0
10.071208164823197 7.328077756344557 0.0
4.357861036756232 7.968983738747117 0.0
13.52744725651245 10.804945700876864 0.0
10.753409935556794 11.27412602544696 0.0
6.266404190797703 14.061200741834604 0.0
7.770926729743941 15.360907293439542 0.0
9.853157759654703 5.275891975879706 0.0
4.874445786681029 8.796423604689785 0.0
11.969882473996707 11.625455542571546 0.0
11.476044716693902 10.617596514472428 0.0
7.976817045400839 4.8098150941528335 0.0
7.020989120828222 13.537018864689879 0.0
7.630869954772832 7.244097416888962 0.0
10.574956729684942 8.318947658383467 0.0
10.538422777083216 11.168954806684352 0.0
5.368039573455752 9.38927440733615 0.0
9.233133333508956 9.707074707041203 0.0
11.764606028320355 9.229205486216204 0.0
7.079819785474708 15.214644609305527 0.0
11.078744994578187 8.962564289401353 0.0
6.476465566094431 13.056090469548568 0.0
12.316685608209543 13.457935710478438 0.0
5.411006249941808 7.119990345177463 0.0
6.269478275310503 11.848803729823139 0.0
9.528242694014073 15.444315375234904 0.0
11.243959831128919 6.871638621340008 0.0
13.059281506040477 10.031916874220721 0.0
13.428323690871744 14.508886762281143 0.0
6.789628588997278 12.401573702764841 0.0
15.982088088489043 9.597494559078566 0.0
7.687081310332163 5.5591964166227665 0.0
12.313342332561291 5.525392976190622 0.0
10.997199125712102 12.426905161992227 0.0
11.345270124112472 15.30758111453332 0.0
12.53450176136852 6.234194348208133 0.0
14.886347567783343 8.654976757949221 0.0
5.881161384652602 14.174036912179112 0.0
11.199921181983093 8.48389653981737 0.0
12.634310084029057 13.208194737523382 0.0
8.406025288799462 15.639684631309121 0.0
5.762476715059948 10.076160833609402 0.0
13.356693096877398 12.906239809271403 0.0
11.810557844462782 15.545282221768172 0.0
11.943864947362288 10.980985354466327 0.0
5.545346886340474 7.874378708435385 0.0
4.6891186213722165 8.381063212431496 0.0
7.4809247122312765 11.10641978851789 0.0
13.945362372390635 8.42788915216923 0.0
10.19884477800099 9.846232681217106 0.0
5.951473550077992 9.585631724929826 0.0
6.317108442835469 10.755760192097233 0.0
7.941343456905605 12.346497683069831 0.0
11.824973918702153 7.521666340379514 0.0
5.4316211953328075 7.015300474238284 0.0
5.579931563095311 8.064415354380102 0.0
10.087815150031417 14.529205154421483 0.0
6.700830584671563 6.838910756077016 0.0
8.642298174150724 10.425730174987951 0.0
13.401372867733269 14.24445069121556 0.0
14.670109412849113 11.662367966566675 0.0
5.884598739732645 7.7539299596546 0.0
10.456764590031087 7.055070879840435 0.0
12.311627998681324 14.054553621201183 0.0
9.797221891984574 5.416482593126364 0.0
8.93084422293091 10.071618985162267 0.0
7.802375380423719 11.742222374737011 0.0
5.981484299955824 5.816150249498246 0.0
11.485308843613595 11.166696766765616 0.0
8.5909184063033 4.462397377723308 0.0
6.728845865298911 9.143022402908706 0.0
7.789978071942965 8.561034333002196 0.0
10.660835351485115 6.414545273261196 0.0
5.666742824915907 6.8977044962111655 0.0
12.5584365891958 5.683922435333864 0.0
5.4708432698982 6.700515438962009 0.0
11.173099562685982 9.595590303409514 0.0
4.902488082579167 10.799647735639002 0.0
11.925774559471572 13.140016656995801 0.0
6.534699187637997 13.36772202231506 0.0
9.965931131954166 4.628398400751155 0.0
14.181127148769583 10.163641723917234 0.0
9.310237387107556 7.55992746083145 0.0
10.512190461726792 13.176967826448692 0.0
10.836232980083214 6.691313917701162 0.0
12.828393480800761 8.534284846365171 0.0
14.859750198877679 11.285364490095516 0.0
12.3516556502945 6.075066747952542 0.0
12.772927260798221 7.587940389734415 0.0
12.534501119728139 10.525320400545892 0.0
14.464603995832404 10.834334582147296 0.0
6.208046960246891 14.24630738305629 0.0
12.564135372235254 11.353773681877271 0.0
9.575866530061077 6.969414774132066 0.0
11.322434729391475 14.541616231164085 0.0
7.967493565657535 10.452721787570978 0.0
6.490461674977135 13.2454226634991 0.0
12.087679843107356 5.6242567352457655 0.0
14.867870422581653 10.982631159406237 0.0
10.82426407656872 11.580156578996162 0.0
4.558072499230395 7.900291709881085 0.0
6.414124139513671 7.100317019794346 0.0
9.092613704856321 8.580127847146759 0.0
9.397370894949251 4.046858827904081 0.0
7.357469248993689 10.648355130251927 0.0
7.7588470627186705 7.184647625536773 0.0
7.531632735681915 5.561353872619803 0.0
7.131473683116363 7.933598879660573 0.0
13.771427613278854 10.833255452489679 0.0
12.087595192786587 12.94054130453186 0.0
8.783830861512595 4.674453797858924 0.0
9.140408007835514 12.716916197085826 0.0
5.366539681075317 10.514088892063874 0.0
6.066800446136935 14.017070992609042 0.0
8.09257624826162 6.583390209785016 0.0
9.508198400618376 8.06399454539972 0.0
7.232224206561357 12.17388172977117 0.0
8.36921747834694 8.534694175319316 0.0
9.703384943217554 11.270342386053684 0.0
13.310199352277474 11.407694377172579 0.0
12.216995602974833 13.189654046211981 0.0
7.776613836575699 8.540060483281351 0.0
15.662636568695966 8.205797006565028 0.0
11.069491373395797 10.261701515939025 0.0
12.462603664444739 7.7922143706186 0.0
8.477458557342292 4.415009141981128 0.0
7.439595641240326 14.46333297717079 0.0
13.276909977805069 11.823782194626657 0.0
12.276553621869041 12.264383500410386 0.0
12.202091124198045 12.29261606159225 0.0
13.016198566333157 8.799714019950711 0.0
5.965483092017585 13.683000208454054 0.0
10.844624024019467 13.399534133163707 0.0
11.21715445384863 5.153713019014809 0.0
7.551947699521913 14.536115796862516 0.0
15.053355722752277 7.705532802590116 0.0
5.79125097025136 12.409344043084147 0.0
13.429262502742374 10.455566874287971 0.0
10.372460542118255 12.42267294546492 0.0
12.308150974853643 5.204320471966684 0.0
4.72394932054285 12.538027455192626 0.0
5.525838236117511 9.765627013010562 0.0
13.531944019836747 9.2644003085506 0.0
13.431700079674764 6.468081985942124 0.0
13.713883591176554 7.207852933494017 0.0
11.682195739776605 5.393241947948764 0.0
8.634388273893606 7.096635211541276 0.0
11.845180588367882 9.96506512992364 0.0
9.310877001068782 11.813979043484641 0.0
6.254183608534212 13.981001801673491 0.0
10.745439391590853 15.193617911484088 0.0
5.023042232846104 12.335539936132298 0.0
7.704238270107425 15.154194952010432 0.0
13.525477963072795 7.751029280054659 0.0
15.06400800808363 8.994468884039206 0.0
5.45663615155439 9.719670941638148 0.0
6.469260357485467 7.0857840415686795 0.0
4.858520257240615 7.8083223041029886 0.0
12.413373865276046 15.389212467739044 0.0
6.699928556665489 9.390154236938686 0.0
8.304980805578522 9.472557240867985 0.0
10.880779642193314 7.800701694138425 0.0
6.905955982677991 9.58910535898637 0.0
8.88419634502323 4.148673523444375 0.0
13.020645721187334 9.712323017516555 0.0
10.256401874407919 14.518135914427406 0.0
6.41252108270534 10.813011356603571 0.0
6.853378036321224 11.374592456143855 0.0
11.589744032862798 5.873537258384904 0.0
6.91917853942043 8.019911591860025 0.0
8.781058689545345 10.933409612127015 0.0
8.035342994436714 12.149352569834207 0.0
10.392038027714154 14.300834317983245 0.0
7.216418554438984 14.479426630996324 0.0
14.870143598443066 9.346844014955106 0.0
12.683284007342008 12.806838780709171 0.0
12.566541331881995 15.367340178513134 0.0
6.5747645261636904 6.785612679225979 0.0
12.036552799324237 11.783590633883884 0.0
13.388765710635349 13.979116341943529 0.0
12.008076787343091 6.503148086749173 0.0
5.142480975851427 13.106250032270827 0.0
7.739950097350842 7.813092456649988 0.0
12.355147786890331 13.951522512664232 0.0
15.48354821407196 8.060761081392606 0.0
14.099667832617136 11.233716493776386 0.0
7.408550304625987 12.472022580397635 0.0
13.791490772357255 7.212376624630885 0.0
10.987944168782786 11.745729109563761 0.0
14.57203674070113 8.156029325625449 0.0
9.775711085937717 15.748019620098578 0.0
14.324982760188853 7.832024714174124 0.0
11.228280230018811 6.006679752657396 0.0
9.43934998506439 12.42088014975776 0.0
8.5802117706319 11.712089453641703 0.0
7.046129993578642 8.287054452643838 0.0
11.031322440321475 9.045272588693166 0.0
10.962715110571201 5.738197036041464 0.0
11.80841824460569 15.098826626287611 0.0
5.887508472939411 11.343011408997214 0.0
13.687548453074083 11.433068185523725 0.0
9.986424251996844 6.36744075015506 0.0
8.381536794086324 5.883890878661282 0.0
8.756397827965616 13.105744965058719 0.0
14.001710675652978 9.377898077876521 0.0
15.747071753026917 8.542463782280272 0.0
9.240148464029591 15.887248757943704 0.0
7.761182289477542 6.3244641167143705 0.0
9.647524323838663 13.892379879186755 0.0
10.013838371747575 14.165561588037148 0.0
9.154796668361708 9.106644293982908 0.0
15.611173442524587 10.102293865960199 0.0
11.920681628541255 5.52441665113923 0.0
11.909953657018997 6.1844422813851025 0.0
5.045714575592768 7.324521697678006 0.0
7.83810287617388 10.190306084851697 0.0
8.74292890611958 14.985135903652697 0.0
6.179940455052604 5.79793986384418 0.0
9.85788174550131 6.996813826812405 0.0
5.283901620988283 9.509000516821706 0.0
11.243335174435732 14.277203837141402 0.0
12.676310992620134 13.71358767483174 0.0
10.030852223400235 6.774772624771184 0.0
12.05704945185865 8.76391031351364 0.0
12.612283665269926 8.082039979311926 0.0
7.740073442939444 5.557678975046807 0.0
6.2758165701739665 6.806593619193329 0.0
6.911174889185048 6.252386151204297 0.0
12.593464420414868 6.0723569788416665 0.0
11.781049063066593 7.269347809779951 0.0
9.416783014549354 15.479066364797834 0.0
8.238887859214305 14.247877791104425 0.0
5.505665094301236 9.546379464819735 0.0
10.242599462497084 11.273167259914711 0.0
12.024038508726179 5.7741388549165755 0.0
5.91114638276667 11.351832551959262 0.0
9.878813665462491 8.903727808723774 0.0
10.014110668268714 8.240154813182938 0.0
11.00959095016798 5.649394992752075 0.0
14.105841878440863 9.76810252513616 0.0
12.918343203260445 9.929624585356118 0.0
7.887981037216301 13.391073402352745 0.0
11.324114827821345 8.146878133891954 0.0
7.00023857880733 8.708281361156454 0.0
11.200471910054176 7.358422652417913 0.0
10.381591668520409 14.859543595757337 0.0
4.134732560730468 10.513584849983097 0.0
8.028205135324031 13.164460406615412 0.0
12.01394165275834 11.631870099180981 0.0
12.69789981700399 14.137128665963687 0.0
8.837326120741785 10.904484708366965 0.0
9.376890431085098 10.180169280875395 0.0
7.618787429858129 4.7560647126520745 0.0
5.933677956309484 8.691109378214751 0.0
11.184282305708887 6.667895361600538 0.0
9.367426446727961 15.568226943884211 0.0
11.354074234403402 4.466221411599831 0.0
14.242481217556966 19.750547495461657 1.0
10.832689444184586 16.514674980548897 1.0
0.6458837020817709 11.562590181951748 1.0
17.52529062000732 2.2148248861195063 1.0
16.375986322515946 18.166935481781753 1.0
18.196869671520655 16.517162191374243 1.0
15.717163026501588 15.340400484562998 1.0
0.2004303995420953 0.9439703375642816 1.0
18.83171840330856 9.06982423561975 1.0
18.771935392466496 11.872386442002682 1.0
18.73213615325809 9.507780627638756 1.0
12.966293222885062 4.1600792484115985 1.0
5.6088812596829785 19.70891740443283 1.0
1.346481602112457 12.829409191013774 1.0
8.517413307462522 19.80242230925921 1.0
16.05455056654922 1.238336623127525 1.0
17.812490320658664 3.473625480165927 1.0
12.859106305125831 18.331967868449368 1.0
19.054229558940005 2.8652904389190414 1.0
13.35289627929172 17.440262491416174 1.0
1.3423363627543972 0.2791856009277094 1.0
19.947429057318843 12.622645649289371 1.0
2.7844887299990506 7.766810315930344 1.0
9.728606664241479 3.0831449017994705 1.0
2.128483665888472 13.531650530869108 1.0
14.320175974570281 15.826517269469228 1.0
17.81633470068186 0.25916685152452823 1.0
1.5125379800698657 11.353131694507901 1.0
4.638350814277192 1.453143662892158 1.0
6.973241847163161 16.085477960814924 1.0
0.2623391957614829 13.482237261292148 1.0
8.616515747549274 18.358752497596335 1.0
16.669108095618125 7.765669593775735 1.0
3.7316005592616364 2.508835298222658 1.0
7.677656722400719 16.647253298739237 1.0
8.105309317392521 16.5954829657295 1.0
1.1383106718760905 5.764559738712272 1.0
10.367022589348004 2.8243263680644226 1.0
14.894169255216633 1.6936917287195175 1.0
0.05680942442356729 9.86079262671231 1.0
1.2413524608063264 17.819450941855735 1.0
15.656145192734714 4.999005146115467 1.0
13.079737799591067 16.495975424349833 1.0
18.903285959943105 5.615272432094258 1.0
13.291893525038427 17.84560400903282 1.0
1.869650202354034 16.86404064781971 1.0
2.8778537388628256 6.8047204442118225 1.0
3.1783057614994337 19.083994170334933 1.0
1.281967733245799 9.500284582204353 1.0
5.38196243553362 4.163412030077305 1.0
4.334919071949548 17.956275369545086 1.0
0.9177332366947288 1.8779425927922677 1.0
15.44712473499125 4.7040085307297685 1.0
13.925256066698303 16.029430303717675 1.0
19.56862527258901 15.392771315795633 1.0
17.210609031906216 2.672532125179816 1.0
17.00463512673118 7.886352160135237 1.0
16.63636246024929 3.23801397404468 1.0
3.1734305019009734 10.004244862203326 1.0
15.967323363549152 11.207484987105655 1.0
16.39528942507441 10.389400774480693 1.0
14.18369644346718 4.458251351196491 1.0
15.164053268864821 18.259558729672708 1.0
17.653598606734384 19.166422671067963 1.0
15.70491860630607 13.917149511388727 1.0
17.814735711964012 18.138460492642466 1.0
18.108342131335466 17.654429954425723 1.0
2.1335130797281554 18.2800854547199 1.0
16.057818160026283 4.477829892109466 1.0
6.890479666524234 16.39562038798162 1.0
8.755895836001608 2.8507734471361235 1.0
10.775513893155226 19.501778286843233 1.0
4.1100035572007325 5.11652573677241 1.0
6.228398072655191 3.1674506587694617 1.0
17.17535690743021 0.8149690693675526 1.0
15.47615322460734 3.9149756887854537 1.0
15.675356799668405 3.2184354208864496 1.0
16.277466001165642 4.016130939195824 1.0
9.22032443218309 1.0566617442115867 1.0
1.7203982467066692 4.779873442739371 1.0
17.607296401254228 19.62741858266525 1.0
13.766826396854366 19.62027642726985 1.0
17.270510669136392 10.525818936608712 1.0
16.159191657469556 18.542123450395277 1.0
3.681605078011785 18.679768921441337 1.0
5.925000592629561 18.890193255119247 1.0
14.535948432720598 3.3836122536229762 1.0
13.716068164627583 17.576102058579064 1.0
6.591197393493882 1.8046605948431549 1.0
3.908116741076366 13.950952314336988 1.0
4.060197842802406 18.736026725287132 1.0
6.828943796723019 19.911008478276745 1.0
16.005942611116705 13.03227385023228 1.0
4.138361505918544 13.89442092459656 1.0
5.029411036289959 15.756519232018736 1.0
3.727173173156846 9.077009411764895 1.0
17.94492357898816 0.07075727368993867 1.0
1.7693012214163972 13.437357627169902 1.0
5.313844040641682 18.160014364564713 1.0
0.40126145663629487 9.211016923289064 1.0
18.886572234960244 9.46330136485596 1.0
6.66943305339025 17.39917770327604 1.0
14.654060245572031 2.3130422111019278 1.0
10.969706950943243 2.173975230703309 1.0
16.417821822042036 19.9492424177421 1.0
0.31087832539749893 12.148992017772962 1.0
19.76150994270735 10.602240977975569 1.0
0.7148977918830002 2.8847098478988964 1.0
2.779665062335215 11.265704735521451 1.0
12.867347392561573 3.00391861986125 1.0
0.9717283295555457 9.202725844528537 1.0
12.992266577008847 19.8568305107912 1.0
0.656424298378282 6.031976483413944 1.0
6.519435256257429 15.858128435878802 1.0
0.6886583728098894 8.228230654514029 1.0
3.322175632989508 14.87730935529347 1.0
0.12753568683962602 4.383554256185935 1.0
6.45116986747432 17.8107852985378 1.0
2.3772716342500444 9.808676654959662 1.0
5.9434635247786405 17.195342554232308 1.0
0.5532514444744963 16.743820023378532 1.0
0.6482473433340896 5.7171575189116215 1.0
10.021391993930298 18.082933382070042 1.0
8.484166250918905 3.328995065416902 1.0
8.272333354982656 19.257391655448735 1.0
9.048062344659975 2.0571481163326277 1.0
1.3423374248094122 1.4162678373211435 1.0
1.504818455430459 4.964486987863963 1.0
18.994592665052426 3.18894008804113 1.0
9.017420566931033 1.1254773923952688 1.0
17.468498175913687 9.93549118790905 1.0
0.09665360751065721 1.7532138922518525 1.0
2.7393269756017347 13.180615547877988 1.0
14.101261072162936 18.90549308922163 1.0
16.68797497708751 6.667584454852737 1.0
5.1468596393883725 13.897683155957019 1.0
2.396680917330989 18.117063962897255 1.0
16.39507539606561 10.640696284913801 1.0
19.6014572056917 4.019743083435823 1.0
18.694707003345204 4.885101146363824 1.0
17.526117600661284 2.907390198232578 1.0
12.70001551264052 19.837426578999523 1.0
16.685497986263346 12.990386240201833 1.0
15.931859328956863 13.315151632326954 1.0
6.611831421238044 18.535728656466198 1.0
5.7357130352730294 18.702256617125013 1.0
12.967298081665671 17.266283204067825 1.0
3.2915265115728887 17.78784130201196 1.0
2.16746866581079 15.145683371135393 1.0
16.51764225150573 13.203163039782806 1.0
18.309846813315474 11.207497046319652 1.0
18.06269904096962 6.580329093466444 1.0
2.826563091193386 0.40547164387341184 1.0
19.587382448925464 17.475442030592273 1.0
2.333707699640226 5.017893750386451 1.0
1.4069160295069882 3.0208817464276216 1.0
16.7968816621629 17.456610193764565 1.0
3.18529338050185 5.4633702460719284 1.0
17.41561445825589 16.981359461671673 1.0
5.453111794281584 2.041041013477687 1.0
19.063232152701943 9.327584386195777 1.0
0.08555814581959309 12.348109667671155 1.0
13.564297197517892 3.6016004526475887 1.0
13.105567748769232 17.64796710305945 1.0
18.547016023717966 4.2521853198421455 1.0
1.7548321489713037 0.16554461255168462 1.0
5.893711714030401 4.493804978367077 1.0
16.69935929262675 19.76834786631666 1.0
10.171629909213076 19.67617348120517 1.0
12.683875689008513 4.198690965358751 1.0
1.5860259644835306 2.8798988324499986 1.0
3.875519236387337 11.381111500023053 1.0
3.992524235014754 0.322856523910684 1.0
11.230715447200378 0.41383470925991483 1.0
5.207822376784234 15.072017139865402 1.0
0.4403033972979764 16.780845870348163 1.0
19.52230014761785 6.126085149875305 1.0
5.528874918680526 0.4111503747457812 1.0
19.333837415376582 13.846235306231021 1.0
14.44982389024423 15.504281865680273 1.0
3.997956640950908 17.814680589458536 1.0
5.932999797137166 5.360782347129702 1.0
15.120440244679463 18.517822090081555 1.0
15.957602691678865 18.96241176830843 1.0
3.3109058795575996 3.417992316825935 1.0
9.46672984851768 1.9535843813407605 1.0
3.409842994458614 10.84171303174819 1.0
18.90424469410369 3.947761321587575 1.0
8.066103369421109 16.869980245621946 1.0
19.364805760244796 0.49293084733337267 1.0
8.613447831727935 4.011880208045138 1.0
7.9053035898204165 17.775224553154338 1.0
4.048753687427724 6.945197486623329 1.0
1.3860918285563972 14.402113233167068 1.0
14.297499915515866 16.71999671985107 1.0
0.42531613524891876 13.061774402205224 1.0
2.3249329836888566 11.275302014184888 1.0
1.2744003351446032 3.182746775145344 1.0
2.3479772371348884 6.565775609397582 1.0
19.361081656294317 11.90664568927376 1.0
17.77936712391223 5.389357135254407 1.0
11.400985792760764 0.7110528757607182 1.0
0.22753197091474275 5.726523873652274 1.0
0.32508090551401025 13.995052018279976 1.0
3.8543280651985823 0.9988569739748199 1.0
17.481319706947442 7.543398063946068 1.0
0.798935003647987 0.21497456642307178 1.0
5.29281692832372 5.431442987510044 1.0
2.147931430238341 1.7528777035735188 1.0
14.05933647268377 16.028009688970638 1.0
16.382618194464566 0.7991943719318284 1.0
1.056384646038695 4.568226092751599 1.0
0.7267068016004208 17.754529339106234 1.0
19.383209304103467 0.8910952408907025 1.0
18.503470960303755 1.2093312662303468 1.0
6.115888637645341 0.2590970115542546 1.0
8.786535367774789 16.38810852539141 1.0
3.9197602865783265 7.251504895863368 1.0
16.439846583641284 15.57299315239735 1.0
10.782749839993356 17.852209884470255 1.0
0.8987598008514652 1.1788616518189077 1.0
19.92980145278151 13.937923868653936 1.0
13.344983817056729 15.335885989115244 1.0
17.00763872342082 14.250063951512368 1.0
8.091952891989948 19.085630828940758 1.0
1.3482355402384294 8.830660102628622 1.0
19.80087237748173 7.283405362371845 1.0
17.92608143213325 14.29911536585819 1.0
5.1832549792194005 2.078675981042468 1.0
7.4321034864010205 1.1295620979714571 1.0
5.784872812596442 14.720826062779137 1.0
16.334090735255494 11.682606417046909 1.0
16.442513618742627 10.150887314768722 1.0
1.0415895658896446 10.437116929170676 1.0
16.921543730674024 3.0604986516929467 1.0
6.782523055079865 2.459654750417193 1.0
16.28954816454143 13.467908194690764 1.0
17.354801223275686 15.552664872922561 1.0
2.9839997015689423 6.286109360937453 1.0
2.119144843500995 19.305182971332556 1.0
19.35954063803451 15.689246965739192 1.0
17.022265259935725 3.076952069564478 1.0
14.664400822170807 18.64262619001266 1.0
1.672907864586608 2.7580812292737322 1.0
10.673766230400894 16.543171742744654 1.0
1.8327156040090453 2.406381957557855 1.0
10.790479422207577 16.548517044055526 1.0
8.200566988255314 0.7650109737382937 1.0
18.212031456691275 7.851491645459543 1.0
19.052759611108602 6.373331841318153 1.0
17.203538252334017 11.138092756690376 1.0
8.06981058008873 0.7215107317567515 1.0
5.781538976067626 0.9086988641524063 1.0
1.6416503913744673 5.646448861261271 1.0
2.8967052422594053 19.225253406127887 1.0
17.009142704787124 13.806819592064665 1.0
19.824208897139158 17.850202404880438 1.0
0.19127946878256585 3.7667255423287394 1.0
3.2460624642744684 6.246298295523589 1.0
14.190448250256578 19.09005681057977 1.0
4.557723226892543 16.822898961692236 1.0
3.2479783008217056 4.017421434532384 1.0
17.682323606935043 0.5860720708130573 1.0
3.369990297850507 2.9674317311062426 1.0
1.2463079062598736 16.62620170065269 1.0
10.818406654075272 2.8892237277156108 1.0
17.796629933349692 10.666505338597501 1.0
16.40767299697422 18.725603142568485 1.0
6.021051188963506 3.437655658497245 1.0
19.220255539266365 9.247997299663378 1.0
5.986540229718518 16.864788946314242 1.0
13.029808301196615 0.08899010785454964 1.0
3.1035328533890993 19.629874623055507 1.0
2.230339679116058 0.6869744097303898 1.0
19.242572550561324 8.233032757093541 1.0
4.26118110414315 3.7911536522955247 1.0
16.251342525021773 17.62130981613884 1.0
10.197506160096399 2.621551292937847 1.0
5.91106082215177 0.028658727544803586 1.0
15.089162984549487 17.767354458031317 1.0
5.791855513527433 18.517988605985 1.0
17.597035580569333 0.23501954812594983 1.0
17.299226101154346 19.71496937799526 1.0
8.210401991965492 1.6074714904730403 1.0
12.654487922326624 18.11898236835205 1.0
0.009651652676365696 0.685330652811369 1.0
19.477202787140644 3.803565302585461 1.0
2.365595569542831 8.202514685405813 1.0
11.842559136626045 19.881719973198614 1.0
9.398570084536274 18.43504835771825 1.0
7.093003993913511 16.421347276089627 1.0
6.320513418824659 14.77300989933112 1.0
17.646176833721793 4.160995111440169 1.0
14.035672308859032 4.844190112957398 1.0
12.92352673317984 3.068819432212917 1.0
16.265081558825255 0.4798296318035966 1.0
5.154253893619442 15.938969628301143 1.0
18.921022720369624 9.411097656297873 1.0
8.229734599363525 18.623971349322357 1.0
4.135442321703762 4.022413313318118 1.0
16.01861203288822 1.4207614391688383 1.0
14.5688650320606 2.144339976075136 1.0
17.421900733763025 14.33651806486626 1.0
2.7100097179561655 19.178495196327855 1.0
13.475355314659716 3.26389919749696 1.0
6.903779504147709 3.677511720703588 1.0
16.268562836700422 7.36903488113634 1.0
19.137352950871357 17.028499892292643 1.0
10.55515499679813 2.2740703305026377 1.0
1.2195598832446053 6.445922076829289 1.0
18.597512529296335 16.44656411229969 1.0
14.645692455400027 1.9428212798310485 1.0
7.300866023894019 2.4289955751292402 1.0
9.490161592395996 18.230999125638853 1.0
3.7639906046687477 19.18917125944347 1.0
12.401819045701155 17.084327389031166 1.0
6.851618724108032 2.249593787823032 1.0
15.808654946164129 1.5061929620113346 1.0
3.242628505645362 3.328592533518475 1.0
2.5244309731131787 2.006130629226055 1.0
1.794159471487906 14.509607922404545 1.0
16.26189791983021 0.8749182219125484 1.0
0.7853358556779977 13.568970076531471 1.0
19.264673197857643 7.466334205953125 1.0
8.768696791186592 1.7228744758666314 1.0
4.638356334516507 16.149876424715988 1.0
3.465380874671633 8.242687462247853 1.0
16.191119184966475 8.309598779772182 1.0
1.5631463669886059 17.76482839244749 1.0
15.865706903321804 11.356829101883772 1.0
6.4300909096406595 4.317218673969016 1.0
17.12568513872605 12.30178776737918 1.0
5.443837786661822 15.567486729024445 1.0
1.0308410682335456 19.10612272007451 1.0
1.3150695715726135 16.82218039396969 1.0
4.602391984174686 0.5508839003523525 1.0
1.3033791917400905 15.178084792209678 1.0
8.499819605587028 4.052814103845012 1.0
3.442560969097843 19.15188894767701 1.0
9.941299432903008 19.185334274988094 1.0
15.999641537381443 2.9973674842948994 1.0
17.501034314264942 15.437253704036358 1.0
6.4557853253245945 15.400800379202796 1.0
6.398264433488963 19.126893580197777 1.0
3.176515027810498 10.614136243358326 1.0
1.9440250657849933 13.493297056126929 1.0
7.126664881299874 16.869815644003484 1.0
2.7538829677281673 8.128377152744246 1.0
14.84432797926278 1.938788914196008 1.0
16.095692900545117 1.5892166301765709 1.0
16.15711758540832 9.716615065468243 1.0
3.3489884820887283 12.504744812453453 1.0
12.962320797856368 3.401304894809012 1.0
15.975979062047355 18.842639376647845 1.0
2.854718922158417 19.101322308733415 1.0
19.05857882367339 3.5496567592938 1.0
18.82405824625406 12.592020072723976 1.0
19.184958083273038 15.994776599501632 1.0
10.856964324014838 1.0000481459519373 1.0
1.93877569770047 8.994001190315185 1.0
18.61054948648057 10.752929728125338 1.0
5.485802568712732 15.602325625533727 1.0
13.869431820366325 2.287175965407129 1.0
16.12199554781008 8.026402924527948 1.0
1.9940052369865757 18.365005050148763 1.0
16.237022913594185 10.455206666394387 1.0
0.025644507184638954 15.598047238582982 1.0
18.882596234538134 6.615692782684597 1.0
11.53881388024155 0.053494067307480186 1.0
19.679713110920733 3.1116651464871747 1.0
3.3467751722711703 13.650638137562396 1.0
13.925978000966763 14.953812160918735 1.0
18.56919121935577 5.807120231644705 1.0
16.046791785704404 15.993400697016803 1.0
15.809517847612701 15.083358391201537 1.0
7.416991390971148 4.058651459320415 1.0
1.0172007924229831 7.418303167050782 1.0
16.292639169419026 3.939972104755378 1.0
0.7762832743938408 7.359854383745592 1.0
2.2177923109422126 2.729698188021512 1.0
2.5397116175618173 13.400982063223044 1.0
18.81274301097914 19.12961177006185 1.0
1.5832310102889524 3.1935430613870075 1.0
7.495417845210217 3.0991804034471304 1.0
9.808617868656151 19.351924232654067 1.0
18.766117103301717 6.822981797517826 1.0
18.531380603506086 15.614272599193498 1.0
7.461066309455548 18.59168930589994 1.0
16.725794259277308 15.540749609613734 1.0
1.5373203930694168 18.885479998947503 1.0
13.55896641558527 1.3240266499641118 1.0
16.101252724516502 16.99264066053001 1.0
5.341734133260032 0.3079613045130847 1.0
15.142958477546955 1.8739899965210816 1.0
14.126016001518437 3.8889576600705578 1.0
15.982967880094726 6.71989728644925 1.0
17.028811801122263 0.5209256858002731 1.0
18.70080869438211 10.17101043642434 1.0
16.726230613600205 9.523949417155585 1.0
0.45241401562378547 3.252624991050428 1.0
19.946345866598968 4.1669292838971295 1.0
14.469886382462054 18.999862339687624 1.0
15.581786171806641 3.3716365646753266 1.0
11.153683183231063 17.781319389174467 1.0
19.443614138881216 6.596212582309695 1.0
11.741482948571093 17.108730562136554 1.0
1.2126049576308495 16.270726903614953 1.0
7.387641249375074 16.01961634193269 1.0
19.422159541545604 3.097416283823431 1.0
18.024842159312303 1.3518299692684232 1.0
3.4328179729947728 3.274903483630225 1.0
2.5656851580185247 4.44628188636014 1.0
19.142142177864066 17.0253806080698 1.0
4.182233600801968 6.465733633143436 1.0
19.423734904457792 19.24323413197613 1.0
12.018646623165292 18.926358116490213 1.0
16.089727765801197 19.241662692768877 1.0
0.32640821804808207 11.987502924496813 1.0
16.032741608325548 12.312412622988756 1.0
11.921189837786413 2.932825603086635 1.0
10.058538010364554 17.894736276589175 1.0
4.862865073833859 17.798601482345507 1.0
3.3692494589395605 19.718607031393812 1.0
0.788628622987928 14.347702276281499 1.0
10.082837852999084 16.343439274859758 1.0
18.705789728667735 5.5307801127639244 1.0
16.73784471138024 14.564089571870955 1.0
3.2659849965222087 18.791212324208352 1.0
6.128050911055258 3.982407231692495 1.0
5.516924051990088 15.43311038202292 1.0
17.670038769194278 14.401951067707454 1.0
15.756528963385968 14.22077806006569 1.0
12.661895168487543 15.74001734536125 1.0
8.634354630031813 19.23079443388421 1.0
7.518814113105696 3.858537613084565 1.0
17.994030849104398 2.455219204398955 1.0
18.137989328376865 15.506028488549692 1.0
9.276606224868742 0.28458538102265285 1.0
10.551178156034403 2.8377178047428298 1.0
19.649976376437074 10.269990766188906 1.0
13.566990012965842 18.556594551955424 1.0
11.72470049568301 17.77312521715295 1.0
19.222267048000752 5.332976252431432 1.0
17.310247089236636 5.1985470937950335 1.0
13.888872989960031 19.667129302564845 1.0
1.2854301725634576 6.977954792746585 1.0
19.534159715645583 6.0810751330361175 1.0
11.667505415809714 16.8036097233187 1.0
18.41571874372 7.832255212406984 1.0
16.667550178759807 12.67548980174601 1.0
17.037155274440988 11.057844419937338 1.0
8.838102423346754 16.892982528399518 1.0
15.562703307836767 0.6763666596730245 1.0
1.4649456816230155 1.497333124872442 1.0
3.5749784179042643 3.9312810909500007 1.0
17.221086284329456 11.56244765484103 1.0
4.577664523930216 0.613437838239399 1.0
12.861758265271618 15.736875758693635 1.0
4.631076485395984 13.000908236350892 1.0
1.2019450189879022 13.782181281360975 1.0
6.810095758563797 2.772524785951871 1.0
15.293999613946962 15.760022554790785 1.0
3.386858619358244 0.02859108728848092 1.0
15.11767430019341 19.601514190929606 1.0
11.112893713007724 1.5664789327256456 1.0
0.7898649584409845 1.9972894741826641 1.0
0.7136024394366136 3.941451168250736 1.0
16.30746530886831 18.749628022712322 1.0
4.986338855990535 15.776488741264883 1.0
16.40258494280041 9.930191875541944 1.0
3.508361198422698 4.155668584230137 1.0
15.508524251853144 14.017287895662227 1.0
17.714027280671708 8.598361243461571 1.0
18.92512766701336 13.913796192514841 1.0
9.487398824110018 17.261471128931426 1.0
10.096188082152258 3.3584360504166066 1.0
5.172525732401649 16.097458754490027 1.0
17.221616011880155 17.524106801853023 1.0
2.1913360028199302 17.630812036894817 1.0
4.244807690222416 2.2782065948198293 1.0
14.015667690190261 17.093194271747848 1.0
18.328800999002258 8.63253308687475 1.0
10.755098318366194 17.171194404610965 1.0
14.840002986305638 3.1002947841662576 1.0
19.875383210916617 19.8878938375582 1.0
17.518622186674698 0.9341491030392302 1.0
2.7983072837249168 0.5926835853329382 1.0
14.650585952065986 14.997340357871094 1.0
5.029571606030774 16.747243487784623 1.0
18.112584374988863 4.22816762021646 1.0
2.5469213507402144 0.8314794508607837 1.0
15.751282937583643 12.927852837428917 1.0
3.9583935108977197 0.39805884217753995 1.0
2.1042463706769787 1.4287111749034764 1.0
16.371336276419736 3.39178463680482 1.0
17.42545725730648 3.6188013613858283 1.0
8.460633510564247 2.4001683149864594 1.0
10.144523484191762 1.0020788254230695 1.0
16.818493784532244 17.524093529706185 1.0
1.7866751410390358 18.98464694444521 1.0
16.800744327872255 18.57097544262248 1.0
0.6251145076830245 7.698087893235257 1.0
13.389014992079444 14.9988263900355 1.0
16.375969238036163 15.370910328851286 1.0
11.471309582596113 2.7493126575301052 1.0
3.7315141907260374 2.689998021027533 1.0
0.7407783440215465 7.254366948769118 1.0
7.591383756465957 2.718909262256306 1.0
1.3213114519984637 1.6771038368765145 1.0
16.473868479120785 14.132004134264891 1.0
15.657654026792118 2.3601358871597466 1.0
11.082499770835277 2.2950672324643318 1.0
4.474882409456072 1.2824721652390836 1.0
18.77568304368459 10.709905399447377 1.0
17.203756576492665 17.406714850422244 1.0
13.919391097834023 1.9991559207251108 1.0
9.218093099893206 16.87427332529613 1.0
2.152177089732903 15.597540018722926 1.0
8.72136958663207 1.1280586522037894 1.0
4.438621533019438 5.814415330761388 1.0
9.931982055681123 2.724797648378987 1.0
7.8917684518007825 15.947320750349657 1.0
9.48877084928036 1.4147489072884611 1.0
9.287933975114374 18.912774916201922 1.0
9.77859854017474 18.110552521584623 1.0
19.915053502362618 0.27947826779149976 1.0
0.06737341714766032 19.006660800524692 1.0
2.7145036724924876 6.391498771092985 1.0
9.61395930247922 17.000201930792226 1.0
0.30894302645777083 14.831111386826057 1.0
18.7265723981734 10.703867137249954 1.0
12.661966005054122 2.219737666723318 1.0
4.30780165569693 19.29512542466244 1.0
14.467962564395886 18.02883900948221 1.0
11.715870723470864 17.058735643733048 1.0
17.46530112122622 6.818048671610947 1.0
3.21383564454496 18.902620958024173 1.0
3.5856000765366436 14.693659740758523 1.0
13.898811583646673 18.140989828248035 1.0
19.772679329605914 0.8221032237611303 1.0
13.534194743708072 5.131303201928706 1.0
18.858026933669798 4.296863868918448 1.0
3.435757677314555 9.262292452487078 1.0
9.979338503063556 2.143996564238817 1.0
18.155517719109497 16.1570541466314 1.0
16.436812410409832 13.413007172321542 1.0
18.191304483397815 14.218941218899218 1.0
8.647667403084192 4.0960738914148775 1.0
2.939513349347398 9.768727945118808 1.0
4.481345375838384 12.619984453284804 1.0
0.7339598667063929 14.379244189152157 1.0
8.892458466922816 18.289729867531644 1.0
2.621096244304837 9.116535500347798 1.0
5.36083242856678 18.52479954069626 1.0
9.423828425081236 18.90064373552533 1.0
3.447205602065291 2.4618514099446154 1.0
2.9905823233289053 0.5762988130612179 1.0
17.156603933858012 1.3898951500864953 1.0
2.65216100161364 3.7000428669543783 1.0
2.8315081310109402 6.35513338967681 1.0
16.931207821139424 13.307726570927636 1.0
2.820586998036123 10.461435152541185 1.0
3.4332514549692683 14.47573174141734 1.0
14.870072066694345 17.83792812474116 1.0
16.946762796008763 15.73471848843611 1.0
17.327497505577632 1.8830923889913675 1.0
13.732679513519873 16.286839237483413 1.0
17.90968527948404 17.56355116344195 1.0
3.6661631748942836 4.937574553268583 1.0
16.311461782974625 5.424188825432421 1.0
1.5777075155565279 8.003449617146003 1.0
14.695221751446008 2.694427605559868 1.0
16.731898355384732 15.312726274473027 1.0
19.61132807242235 8.490329226315694 1.0
3.8481988523793853 17.673230786848514 1.0
19.718578829914545 7.844826810971335 1.0
4.542543555263698 14.039732135022158 1.0
19.44417493592782 13.079068731965041 1.0
6.518515196378003 18.31884879477583 1.0
4.362808826129029 5.2554136255914985 1.0
2.0848452949724483 15.31565274113822 1.0
18.94999440286662 12.67633662196033 1.0
2.6171296255864474 12.755034887615043 1.0
4.372052688533183 15.531791541623281 1.0
13.57817050508597 18.238107715919142 1.0
16.705070375837472 7.145369123836545 1.0
18.955799346137876 17.399891435627246 1.0
5.804492629667724 15.78090985882876 1.0
6.765852311527829 4.847061301117012 1.0
0.3938556581188468 13.623731710613347 1.0
12.895314974789024 16.270291484155997 1.0
19.260268181079912 14.374273686328001 1.0
3.9197020076660793 16.70454396209539 1.0
2.0010903067359886 19.48567699993238 1.0
17.047265266082658 3.487259441124657 1.0
3.3722207664914516 15.297879197303159 1.0
19.831999948093568 0.3997304735988494 1.0
16.044153981255707 11.006362665497528 1.0
4.894216474575632 2.1416911023063157 1.0
19.46117023401028 0.8053272764464658 1.0
7.930992806784298 16.433831096360752 1.0
0.5253380969515531 12.610571248329789 1.0
6.615496940340542 18.023463033989874 1.0
18.153408960223295 8.48483394237003 1.0
9.108940388689346 18.11248331624514 1.0
17.927335763256956 5.222114796037816 1.0
19.2939489108668 15.958035015711298 1.0
4.280261207148146 0.13693583048044022 1.0
15.415313067021835 0.11365478633087456 1.0
4.38585934517175 1.341533506386945 1.0
17.905280278033608 14.624095150495313 1.0
1.3444775734937942 5.908331834772634 1.0
4.47599520518234 0.9530970506576386 1.0
18.980871701596552 1.9052760794959478 1.0
0.6163172289287866 9.334378177982149 1.0
11.241747871348181 17.419093016783236 1.0
17.93549362943923 11.080812039927523 1.0
5.968253409302391 15.691397500653235 1.0
16.555391383241943 6.622584581865594 1.0
12.728754245206332 15.643236585804804 1.0
2.1328676683071457 11.06597616453153 1.0
16.563289122229115 3.6546716665154433 1.0
1.0939475429642642 3.4346491054128525 1.0
13.902643871175218 0.35330283265148976 1.0
7.731817233450853 0.31157951565218944 1.0
19.62256783839963 8.078554363032541 1.0
13.221389084190662 2.085477346571869 1.0
2.8401413638657558 9.70178708121791 1.0
4.925145283378689 3.236658379746662 1.0
3.0206817253555185 7.389416186522628 1.0
4.896301539621648 16.389766464408623 1.0
3.558736219435812 12.63764170314375 1.0
19.91494149675091 12.22239310482462 1.0
2.9449431858342257 6.408910799431604 1.0
3.277727205264771 12.879339373423253 1.0
13.339118035509706 15.557660695258908 1.0
19.297866821187235 13.83993769415689 1.0
16.997233094281032 10.363971756468565 1.0
4.331514615497614 19.449900216300517 1.0
9.466445916489718 18.985428016948795 1.0
3.483023591911374 5.9297359620345125 1.0
0.299503574515092 0.7704205639198491 1.0
12.805100915170708 0.7950214496133512 1.0
16.629067196867613 4.5444344161485395 1.0
14.063839687460018 16.289220516231822 1.0
19.243118983119313 5.948485516003538 1.0
7.2809500035308545 18.68470842664062 1.0
17.196035186998266 1.3933651589074358 1.0
19.231344228378063 13.429420939862599 1.0
3.848388355775927 16.629499839604847 1.0
15.86303914823252 18.890072736460265 1.0
4.1457481029987715 16.457128548978844 1.0
17.871831013166236 19.242891146865 1.0
17.281436504189674 15.411856891880134 1.0
9.731543433834478 18.096165567141927 1.0
4.660231435502224 15.00056574226167 1.0
1.3740429105529173 19.729596712985483 1.0
2.18044498194925 6.326435105473416 1.0
16.42130056891661 8.281759336176243 1.0
3.315311655173905 12.547764306200754 1.0
2.7506250501634932 14.666391051714779 1.0
5.930699011670031 3.9027608638264355 1.0
11.920408560370774 19.30112436792639 1.0
3.19496854458875 9.131468492684567 1.0
19.450147786062043 15.558351871135729 1.0
14.658781087831446 14.58603831318511 1.0
10.563658909107607 19.196109864192636 1.0
13.078799593289625 18.028265480147812 1.0
19.76675872571566 8.877046767309295 1.0
0.6681090308260629 19.634213945049424 1.0
15.533642533060679 15.208741463483582 1.0
9.601092418111875 16.019378164506723 1.0
18.465025750288916 0.7491186932785765 1.0
9.541849227870289 0.36212515897896536 1.0
8.004123813876866 0.36494025177856937 1.0
2.398589959694084 13.755146641964304 1.0
4.052848973969507 8.42551731686678 1.0
19.800548315814567 9.33031377345836 1.0
5.412672306758188 18.88220062500265 1.0
14.085373889423973 4.088900421354731 1.0
3.8932071699879667 0.8007010032279482 1.0
15.534997283975683 0.5870426679428653 1.0
14.514201816584578 19.540351346475735 1.0
19.76214733278151 1.6635557805449475 1.0
4.136884089353481 0.7143686249800174 1.0
9.879395937248095 1.1427984755287102 1.0
18.27177588756678 4.318497727258041 1.0
9.35371110445715 17.163677036511594 1.0
5.005636163785527 6.37702153576998 1.0
19.817807701698793 3.7144329245967644 1.0
8.902323943575201 17.965920797645172 1.0
11.091656659369749 16.01988506649237 1.0
19.4038885191762 11.249638526947443 1.0
18.232888962008147 8.90623465867911 1.0
3.6425653295252336 15.633899518497431 1.0
18.939870310177614 11.461030712913264 1.0
0.511825065258722 9.076735762728942 1.0
18.894071084654367 4.25712206615553 1.0
2.77027314980542 4.934420362436722 1.0
2.693180228504697 12.396340566235473 1.0
2.7475536963725977 17.56860965706542 1.0
19.771737307772103 14.154339340956323 1.0
0.9244827682952206 3.6501921911301283 1.0
13.761603357483239 1.1640030544052937 1.0
1.6053506361909897 5.369109777992007 1.0
19.150318243741392 11.104161905918248 1.0
5.348817882815586 19.665034639638943 1.0
1.2383429131054369 3.288742222457095 1.0
16.706661001441102 17.66435247766702 1.0
11.85156424375407 1.129762361024671 1.0
15.095871600172215 14.745528039356664 1.0
4.738228566103492 4.032265677441995 1.0
1.087352842688678 2.757687686174861 1.0
14.376939114970856 17.40990736981263 1.0
6.4012212391000585 19.202585767572952 1.0
13.816813969325336 4.312143252322067 1.0
3.040480915133841 2.3665811015812 1.0
16.564553623175808 4.954086880475472 1.0
16.935788060111637 19.429725993915604 1.0
19.942662446009706 1.9609484867624127 1.0
13.840018988612 5.17624365560768 1.0
19.492291653306278 2.3119258539516263 1.0
15.942129171952217 4.3340023819665685 1.0
2.9907938203626783 9.391397214375768 1.0
0.9408297079043071 17.02703960719924 1.0
3.96480590789527 0.01216957304876809 1.0
3.7001626027135903 1.2463199752531362 1.0
17.590529024957647 19.63631502479781 1.0
18.610841638681585 6.8676921400246975 1.0
16.077052537815376 5.928496150967728 1.0
18.54268787894664 15.212077755618736 1.0
2.4039923531446172 12.937529077730932 1.0
14.880884647888596 4.85642372877926 1.0
4.7060383359358475 15.786189112071153 1.0
14.825223963860894 16.041250495286196 1.0
2.5177466641628654 7.960829146495367 1.0
7.980460681520258 0.6267507515262993 1.0
3.5556517289172085 6.3411133876159465 1.0
7.477964330080571 18.60383709670714 1.0
1.5053696614251222 6.704666507030828 1.0
2.031893926003967 1.7516847251166268 1.0
14.412191173960235 19.739964840356116 1.0
3.654687305035509 4.248598933481156 1.0
2.6051627163608315 0.11009735892524963 1.0
1.2486999429897816 16.722021933404147 1.0
5.924860947061568 4.522614956037483 1.0
3.6872315835317737 4.100555239859352 1.0
1.134438073815025 1.7969651153506372 1.0
0.13724034506484184 2.23243014517462 1.0
0.7886376997778188 4.288845739672304 1.0
3.1756496995840933 3.695683229937279 1.0
13.24527790891066 16.691203192467484 1.0
12.860808790723706 15.50467397350162 1.0
9.550717262649586 17.600250651425867 1.0
15.302176500419225 18.786505060074838 1.0
12.19543551993233 16.37950776089086 1.0
0.43020835772741295 12.326122992276161 1.0
3.3742846710152663 12.27682014586167 1.0
18.251626839331077 17.538507720817638 1.0
11.694648955047182 0.048081838003206645 1.0
1.7557515291978465 3.159239371273521 1.0
0.15342329432573854 6.3214479828819865 1.0
16.060549920788386 16.677942613305813 1.0
5.676423037496217 18.337820244399985 1.0
12.71161751306038 2.1900951145948144 1.0
3.7551309064157956 11.04691505045887 1.0
7.838639979378783 17.847496656477663 1.0
0.7756893664222853 15.281530116761576 1.0
1.384645974516867 2.362555562475148 1.0
5.0611217576434 2.132410306019943 1.0
5.401854509706901 18.563610064334824 1.0
15.476609907793609 15.992036919995908 1.0
6.936427185371146 18.01518002694173 1.0
16.63384265092147 15.855993430127828 1.0
16.23389408938651 19.552597035705944 1.0
18.250893418729703 16.43277087676187 1.0
18.11550646097082 4.335031098713853 1.0
7.066740787359729 2.1518925470034866 1.0
11.988357140456493 0.1731725604337342 1.0
8.374400086272058 1.0680557638014299 1.0
2.469159250319546 3.033629666218016 1.0
15.810302044133088 14.591019912321013 1.0
16.413918079965594 0.1239337560249898 1.0
5.168491313610984 14.841967506299126 1.0
10.132058109269636 18.149483310524012 1.0
1.738560515435983 0.2926606064804682 1.0
3.371389279969992 16.501948014583803 1.0
16.171840804081313 8.950646678292912 1.0
14.445730208661704 18.674087001983764 1.0
0.5225391993271633 2.91134515451692 1.0
12.181963190291118 18.716632559167863 1.0
13.778994685976844 16.6398166016679 1.0
8.154831690663894 19.89000078764872 1.0
17.863120271335408 14.174422607221832 1.0
7.601718169564129 2.007762766800314 1.0
4.801514856356565 13.963786716930128 1.0
16.95382673659488 16.135280138388115 1.0
1.8412113771190808 12.010884035549033 1.0
3.8057414735695105 13.495291098118503 1.0
14.095535502956817 18.819194098090534 1.0
16.05593075070248 2.272158434835596 1.0
14.753073177645515 15.851183199974887 1.0
7.204592138826078 18.161449323052675 1.0
16.65996776260298 3.5292648800759063 1.0
19.59800530330463 1.341951608592311 1.0
15.119718136099996 15.74797029033938 1.0
17.688907021165516 18.992324916607398 1.0
9.909161931898229 1.5843108437991527 1.0
3.4622082915163177 17.84218257752562 1.0
3.7884744340390464 7.483083546080058 1.0
1.2905294901683129 18.88627850000188 1.0
1.9672270966327532 10.20600559100339 1.0
5.551804027962888 0.9244629423733963 1.0
13.449402710070157 4.656780595843952 1.0
7.340017834460452 3.5437401182886696 1.0
18.285154650383657 6.139182068415887 1.0
3.9943866175761222 4.949274758287081 1.0
6.455886446466865 3.871854499014975 1.0
2.6882098093170947 12.828672636468788 1.0
15.625367669220777 0.7618980608267223 1.0
18.847783994782336 18.239522370983845 1.0
18.502518629615142 11.841548151848457 1.0
0.7721286546891792 17.244052598719733 1.0
14.215357118420602 16.80842182816872 1.0
17.04142221559332 16.35724319818921 1.0
17.803284143623024 19.41889561124141 1.0
13.156109503401169 2.4996773278600304 1.0
0.8406757062370485 4.304934390508473 1.0
19.980394074670482 10.021373465273665 1.0
2.7019064905107104 13.846074318966364 1.0
19.89827306703402 9.508996532478733 1.0
6.837801870303375 0.23209325887601828 1.0
1.9150834937712324 8.182255333274817 1.0
11.43518371506116 16.502807182388764 1.0
0.3404498773098763 18.462396248710206 1.0
1.3088750989600961 10.288667540033352 1.0
16.996751010494723 6.264869083335509 1.0
6.739688455829828 18.573179474029605 1.0
5.608025421081713 14.635183526520992 1.0
7.791871957795474 19.180242302186738 1.0
9.873118880306412 18.480803961029316 1.0
12.077892498305513 0.7513956897248009 1.0
2.524753791112775 11.56867238802432 1.0
1.3908261211138506 10.10273124627725 1.0
11.96351877744241 0.5149749572438256 1.0
2.516426950767654 8.31419301707318 1.0
7.546972126162624 16.34911860055145 1.0
5.633265727003003 1.5691586358820198 1.0
15.542577876244 2.173653586785158 1.0
8.742747551597203 2.9908024539670586 1.0
17.0211136361614 1.1585574321334424 1.0
19.23680822359601 7.834433747184502 1.0
14.683818642074522 0.3177413482671976 1.0
19.184896717913148 8.755584817946573 1.0
4.093358987714588 4.543452875753933 1.0
19.51525854188572 6.4111700721067955 1.0
0.10139150556057075 10.91169116562526 1.0
14.780610736973648 17.982571198414895 1.0
11.811944945751286 18.31101555585863 1.0
2.5012291218647342 3.3341771504832485 1.0
0.9524553678054692 10.258847851337233 1.0
2.2971027156701362 19.47226190814324 1.0
1.4417866006110747 2.894379956167601 1.0
2.6945473275521126 5.43924744543453 1.0
2.7209930023627638 13.439389725603037 1.0
17.363151444131393 10.845245073574377 1.0
11.571679294267215 16.548496804678685 1.0
3.4367840643235126 3.501251977237687 1.0
17.124993737214773 11.75665006249578 1.0
2.95172520572341 19.220327664171013 1.0
4.559241723639791 3.368505136114337 1.0
4.938307853328037 6.022089865751452 1.0
3.61145311263517 11.12530655034204 1.0
16.795421792993583 7.43538909293153 1.0
19.063168519831038 10.761934765072114 1.0
7.923542578394642 1.7957962609422617 1.0
18.24728020248995 4.091459583118429 1.0
18.893996555241703 9.787859382060976 1.0
15.185594998309412 6.221535005341146 1.0
3.7832900024662597 11.530023391545907 1.0
17.394590623863934 16.411392616358896 1.0
10.185309777711911 2.817150390116838 1.0
1.2788512990732115 10.459635124613198 1.0
19.93591281155113 8.04085866028743 1.0
3.3504124736053886 4.143413153691002 1.0
8.52133681938696 16.51977920956885 1.0
2.7529878591941714 11.914309627254799 1.0
4.998130596910604 2.140808087056576 1.0
12.407887076873745 16.046408721536373 1.0
15.16724582744941 6.566287370203279 1.0
2.4982984159001376 12.589731461376205 1.0
19.713643044526282 4.98481295147521 1.0
0.5699383528398783 19.258501394577316 1.0
2.8280984673545584 9.592265976190117 1.0
15.062936303052135 0.5123492233590476 1.0
18.45672986518843 0.4961048359736031 1.0
1.668237516657134 0.3804202152181291 1.0
3.5589455047994867 5.190152391966814 1.0
14.315780704803952 0.25257508804128914 1.0
4.545744300612286 16.512282169198045 1.0
14.08970566905735 14.953368450981559 1.0
6.516720118670292 15.395296179899617 1.0
4.040293475801937 11.352288544535998 1.0
2.5820701854462347 4.235801217575251 1.0
15.802572779094934 5.815501352963517 1.0
10.90361893457223 16.32751524570476 1.0
6.916749077836335 3.046476308251529 1.0
5.315986544310249 16.582331748386355 1.0
0.014910827483711753 18.628633361745337 1.0
1.9286949938011744 6.260898178704468 1.0
1.1386213035806003 17.282498211687713 1.0
18.087315184206037 10.4476477553732 1.0
0.7619181763365601 13.586257234738152 1.0
5.824153508328269 17.050591813429726 1.0
11.347474999148703 18.882648201192705 1.0
1.8195355032140048 14.520920065816709 1.0
2.182364173945397 15.040627206932434 1.0
18.93706091055606 15.15923015170215 1.0
5.587506978702395 2.7995025149203157 1.0
10.583663543689267 2.890423869228025 1.0
18.183467421144808 10.7016759154102 1.0
16.68871324738863 3.9419278309631167 1.0
4.683459972326894 17.968040447187423 1.0
0.4958482495651295 12.544464166151982 1.0
13.988142878930354 0.4992655795879042 1.0
15.01805311437625 0.38310624973576735 1.0
14.709049046242303 15.361938299591467 1.0
1.8301585973371437 3.5486883998827357 1.0
5.398655389370488 18.654784794633965 1.0
15.846319984240756 3.923426319240235 1.0
5.980757831578744 18.311779237941415 1.0
16.075251736460764 13.195885767202462 1.0
0.7663368601669451 18.197482433287316 1.0
18.22176659782841 10.25788413944682 1.0
3.677522058163707 10.232481613616946 1.0
0.10933762238075628 5.990247344946374 1.0
1.5907434436482348 2.8787877243983107 1.0
15.096407111424233 0.09723874825733558 1.0
0.27773319839975885 6.650635297490195 1.0
12.00276058027786 16.155799743247925 1.0
13.277625148040759 1.1702588588235763 1.0
16.81156575220033 13.959123915876344 1.0
1.0969456183789794 14.584216984591885 1.0
17.338022752653053 3.0606423841028585 1.0
18.803800163311102 10.084799829403835 1.0
0.07971509485160455 7.741303426878334 1.0
1.6632956289933132 0.8355096244980453 1.0
8.332613260832284 2.255879101614189 1.0
3.7370567353041273 10.589981658385717 1.0
18.167599201093424 3.218116325272209 1.0
1.8384243232757624 7.402639891533052 1.0
12.435774462081392 16.86862444188168 1.0
18.04094094185505 14.23646770518655 1.0
13.805317394882568 17.65366223449854 1.0
2.385449611615136 4.596245790659532 1.0
8.02858660540089 19.244326105117203 1.0
8.19740177660564 18.48721376206266 1.0
1.1233491307579824 13.116268411622718 1.0
0.2598147345952584 7.824810707439291 1.0
15.859960014280592 16.461295540034605 1.0
16.903999028558296 18.222186282156127 1.0
19.190102987726394 8.226323031719616 1.0
19.5938455026336 18.21355651364767 1.0
2.2115102361262107 13.4862828634794 1.0
14.868857766342076 19.819739940567068 1.0
3.5761354631065734 6.3474585198253735 1.0
16.882643251130855 15.87344339595695 1.0
2.442032844915032 1.5529195736892687 1.0
6.114647577428052 18.447639285886275 1.0
12.499975719083022 18.1931029658479 1.0
7.820429751806182 17.424491129525045 1.0
1.9798579687771078 9.645247292956238 1.0
8.653023588943995 3.4307874138972583 1.0
4.031194701448484 4.713945874466772 1.0
19.772597066120564 16.065826379510675 1.0
0.38956438639305313 3.7050941477972588 1.0
3.4694794270738027 13.552634230147575 1.0
19.280876453206705 6.019767838666525 1.0
4.235453038191352 19.003726597418837 1.0
4.828924462060247 13.995145370981714 1.0
3.1040762370166997 2.5356890718379588 1.0
4.2634060023072635 17.78322237064375 1.0
2.463874715942669 5.700995374656741 1.0
13.034497770890834 15.889856701331997 1.0
14.914034575557501 0.9800658206278401 1.0
0.8613613496685879 13.18172196765931 1.0
3.602443695017088 13.773552223989254 1.0
14.703414809807999 18.991725821107167 1.0
1.5983740875283203 15.118265237429917 1.0
19.72291240463918 10.370676004330475 1.0
8.659740365500365 1.336119126756632 1.0
7.714198110803158 1.906057772297589 1.0
3.392287217480854 18.009901273210225 1.0
18.601645881113043 14.167889354505734 1.0
1.421079953826081 1.5134787700442298 1.0
5.369571454674338 1.3646883317449654 1.0
6.416837459472305 15.445696522699441 1.0
11.894242080520678 19.575002090726418 1.0
19.51688138780217 11.716490504734356 1.0
4.497606707776669 3.617277867111912 1.0
