14.070904869815571 7.273123932746987 0.0
5.8388695789180005 6.1599811481942846 0.0
10.955150232372226 14.228637535613966 0.0
14.629928711189368 13.266339893079822 0.0
4.613105526567514 10.271913797181753 0.0
8.03089956858078 5.312102826678746 0.0
13.180185475195994 8.871554885425335 0.0
13.23132001554866 7.868158776115153 0.0
9.084169809277649 14.065792983339067 0.0
4.238738662029624 8.685613838811259 0.0
11.139106241174252 11.655789744417888 0.0
13.534106592806872 8.832262383766537 0.0
6.401543842495558 14.32629787077109 0.0
9.818599595642015 7.581843737726022 0.0
8.098668080701557 8.749330302794231 0.0
5.149832328212227 13.28298990352522 0.0
8.118489928852838 5.761741509229257 0.0
8.652836175255963 11.510670207777583 0.0
11.709564574187745 5.001056063185625 0.0
15.033136078059673 12.483564442476073 0.0
10.520184462734267 6.089984977483969 0.0
13.82337731963055 13.744780193583876 0.0
11.723330768820615 5.302675291626542 0.0
10.325353600732045 12.718478615726905 0.0
10.168835475574467 15.108644942984828 0.0
7.394461629204734 7.695526395913754 0.0
5.9046964060056695 8.869838114423594 0.0
7.076864395207205 7.933549632405472 0.0
5.957972000449376 12.443394259622256 0.0
8.050120861516806 14.887449832193084 0.0
8.923122135617978 15.483214289783218 0.0
8.455426415483574 10.40615019168905 0.0
11.931418974265815 13.418152436906151 0.0
7.257879882884319 8.48501302835539 0.0
7.229182773311242 14.56632245041475 0.0
14.371117052670826 10.152035476071429 0.0
7.8510546462161335 8.574149126076493 0.0
11.11661147550046 8.283928058705424 0.0
7.961218442974493 6.759437228374974 0.0
9.378514828011186 12.893266774239736 0.0
6.555769930128621 6.63402241154861 0.0
9.778348826285281 15.664298991961047 0.0
13.558878267302193 12.096365835685488 0.0
6.259850305312559 7.7749626937445875 0.0
5.066079270467771 10.61146134413087 0.0
14.128714117991397 14.178494418730743 0.0
6.219178162092853 7.419982084490602 0.0
10.551145934162658 12.556054621840731 0.0
15.27692168461455 10.644286699118485 0.0
7.65060264625101 11.33033731562289 0.0
11.961338779666553 9.55319438593737 0.0
7.534439985937514 4.625250852408442 0.0
12.611891382944842 10.626662880835308 0.0
11.135427674810789 10.287191344614747 0.0
12.436710778794954 12.833090193142615 0.0
10.154038032066968 5.848069901760082 0.0
6.900080048393134 6.770939154314279 0.0
6.724455149635633 12.753673651128308 0.0
11.194242836533794 11.513795588284506 0.0
4.526977554672211 9.224842538363427 0.0
14.97961060999801 10.639263234610398 0.0
7.89575982603438 11.157934592897279 0.0
7.979731533463128 9.647716639761224 0.0
10.215191301310362 15.465569511512221 0.0
7.859144417269004 13.118829925567876 0.0
8.084975578272218 14.045767825580812 0.0
11.087598449105476 9.170454944795743 0.0
11.439255357798663 5.680587514048769 0.0
7.579789329700182 8.662909748624664 0.0
11.391201778197203 6.8026117297956095 0.0
5.305726853023273 10.289185972657764 0.0
12.989943454465962 11.076473246827534 0.0
14.65973999036195 12.351122450560625 0.0
8.423867881711555 13.813158986942211 0.0
7.746279446688562 15.188784696468367 0.0
7.075912578249694 13.243815067220773 0.0
7.706878306745065 4.658646129509465 0.0
9.43885823403093 15.80518718120258 0.0
6.659969429045615 7.179150878181481 0.0
5.980305491347766 6.2019603767186515 0.0
12.291744877160909 6.47152033807852 0.0
11.89741473336743 10.821964409164728 0.0
6.381071611913223 8.060218244541467 0.0
12.609593281711112 6.95627610704737 0.0
10.352696979169343 14.93129251584563 0.0
10.451750753741324 8.867222350945184 0.0
6.13570276010697 6.300128254713457 0.0
10.787175515919664 9.763305155803256 0.0
9.833050580002263 9.50724712000919 0.0
11.196922598189879 12.472480199696923 0.0
15.515769462970848 8.325835957916505 0.0
12.506142863820617 15.165715399994589 0.0
9.042321835874363 8.644268651267062 0.0
8.400854245651876 11.073150470249676 0.0
9.545117191296452 11.841494265450228 0.0
10.546235951372704 6.42904650487325 0.0
12.75117259499311 11.583428973311786 0.0
8.726737903236682 5.613955145338836 0.0
10.620019102214828 12.466923725832437 0.0
6.49997701394401 5.44079058479372 0.0
12.327516128029682 8.65793232431596 0.0
6.140908162280878 11.093539528191588 0.0
10.393249840497615 11.35523684879264 0.0
12.532727484312394 14.970390892233107 0.0
4.904147460074048 7.98193711378034 0.0
5.798783424592298 11.769274749551089 0.0
15.095277568867935 10.657612474145552 0.0
8.168473578974707 13.591132192314753 0.0
10.850927362651648 5.5466212515549795 0.0
14.819270546189912 13.030686558327638 0.0
6.812421665471127 7.673773114218346 0.0
15.238570286976138 12.61021159805819 0.0
11.225928724556368 9.81987771330089 0.0
7.421396875966182 6.3567883931532965 0.0
10.55260991038467 7.847719896207477 0.0
15.894813031836124 11.101018673752538 0.0
9.340068008940737 4.099131557354427 0.0
12.478078796626363 7.988260880038347 0.0
11.710333658219529 5.055406357287313 0.0
13.367745372704956 14.254343704284999 0.0
10.940095568927184 12.19968544495483 0.0
15.340737010082005 10.694207117501897 0.0
6.268589548300851 7.791186964019539 0.0
4.38830962320202 10.113858976819563 0.0
13.422162791374719 8.788226565694647 0.0
6.169121007607701 13.891933907620064 0.0
5.753644171402195 6.716932218914183 0.0
10.452587516268954 7.209484955576812 0.0
14.370632408649865 11.654344113643209 0.0
6.009880293234364 9.640734670002216 0.0
10.7148738687788 8.624189388596598 0.0
5.8481664836134595 7.216045715021715 0.0
13.58895475306241 12.27103996970346 0.0
12.611084872821989 12.628791132548843 0.0
13.777697088564551 14.565912340296428 0.0
13.506989179818621 8.906527147937338 0.0
9.790967796705779 6.355657838437487 0.0
9.359853894634522 7.956323367811711 0.0
8.061082017849294 13.758710449635437 0.0
11.324830701012196 15.610687530420355 0.0
12.366685814369415 8.952000586070115 0.0
9.889123895262522 7.290002098991528 0.0
5.160280400399746 11.08953458688254 0.0
15.240077373419494 8.585276901862137 0.0
12.619955188624521 11.121050476912302 0.0
5.596352985579496 9.13915148152125 0.0
4.681334908694669 9.917432363529699 0.0
5.087401805054482 7.75895156743978 0.0
7.317067093390845 13.417109909382926 0.0
6.937598622297965 13.82346640462618 0.0
4.542743870326518 12.248102931170282 0.0
8.859753690169727 11.592683371318845 0.0
6.437343430710392 13.24908623730063 0.0
8.398062430932196 6.9166896830863545 0.0
13.289813958861261 6.971262690119822 0.0
13.022953901936443 9.918772201191882 0.0
7.88659076973709 6.671147247208413 0.0
12.821529998141726 13.337816966300338 0.0
5.726536876034787 6.913811781892914 0.0
9.538708986133512 14.374656384606633 0.0
9.931304420582629 15.686233886324278 0.0
9.559505469056244 5.326803166574492 0.0
6.873909865040888 12.130022283193448 0.0
12.184669966646256 5.85071225343706 0.0
9.812319725298238 6.109729061663844 0.0
7.89764817038789 5.713101224302896 0.0
11.463311941353053 5.509464682715137 0.0
6.549220829835929 11.220753046561953 0.0
4.3705440644145295 10.451727072647955 0.0
5.897383323025762 12.761528585423186 0.0
10.712265303656148 5.741085623405066 0.0
14.380612530518981 8.349502635162052 0.0
5.6760958098251475 9.928065208984426 0.0
4.721200435779664 11.211931412799183 0.0
8.74600590524051 9.7293215748252 0.0
10.476282296505238 6.136180178090587 0.0
12.767170978118303 8.546972728187326 0.0
9.160873543565577 8.5179429032441 0.0
14.668252849230816 10.702519007632121 0.0
9.863829720603643 6.107808732044386 0.0
6.2838389863416015 9.976617190919105 0.0
7.260929601249875 15.022208194513913 0.0
11.640124131985953 7.135664975184675 0.0
15.32050982430145 12.366643443738068 0.0
13.295873382072301 9.179829131084107 0.0
14.907040447323492 6.66266995268664 0.0
13.93196657716418 12.748558107750414 0.0
6.149662432036558 7.993269536817513 0.0
11.025400815166744 4.534063220476163 0.0
9.667378271895966 10.645250280592194 0.0
9.67040259359772 6.046318279001994 0.0
10.56252479731259 10.853513629023064 0.0
4.661730144391378 11.539134158492189 0.0
9.138452347215033 5.31973645885498 0.0
7.3146692506559585 8.819892556480443 0.0
6.570906123939073 7.828707760029929 0.0
12.881761012121604 8.364070895705629 0.0
5.371522394570349 12.726701883395881 0.0
8.254966468214622 8.053301700110625 0.0
13.69083677926511 8.732329213015612 0.0
12.026134718617092 6.192506759690275 0.0
7.420890442968187 9.497401471483794 0.0
13.252842379094218 9.156249596780041 0.0
8.347182331869874 7.047074264041027 0.0
8.394168995450961 15.639272526927595 0.0
5.880980826509408 8.564479512996407 0.0
11.088141195157597 13.413389259524301 0.0
13.755011366603828 8.353528981929694 0.0
6.201157096316896 13.394476745042196 0.0
9.166353297874231 9.72673342048028 0.0
4.937272028869226 7.8969362210917415 0.0
11.029841617986097 6.07921566432525 0.0
8.73260507223816 14.236431918065113 0.0
12.269831371481882 10.00352372296467 0.0
10.242602198270436 5.6572058339681615 0.0
8.177837432223544 14.695353393463904 0.0
11.680763427615346 13.23576794939302 0.0
6.37332477693668 6.167383392628811 0.0
14.649833502682899 13.259150594362142 0.0
10.403714044793501 8.732728896207915 0.0
5.5416477173126655 7.069273824715565 0.0
9.089155449604501 8.853737618530735 0.0
7.378357278819716 13.184717346877148 0.0
7.496028907172986 8.929307961763705 0.0
6.079180577103102 9.071376114014605 0.0
9.662391790974352 10.722295838097232 0.0
5.966469683958362 9.21589706992136 0.0
10.05011581560302 5.506164903079669 0.0
12.371479697003698 9.903219319479673 0.0
15.130356595628616 9.628727381158441 0.0
8.55977961856466 8.632813641522048 0.0
14.655879851018144 13.46321471763414 0.0
14.467245995472318 7.2925576192722374 0.0
11.848581218130011 8.808546938194242 0.0
7.859716571278557 8.212060655100222 0.0
11.79191143211728 13.325734643820615 0.0
9.739141278645807 6.45049930647019 0.0
8.972796269710155 6.682315786671708 0.0
14.183424909551213 13.692217052115481 0.0
5.707487431173 9.408462791245407 0.0
9.565130688278362 15.910522510101625 0.0
12.596270611212077 5.818564764147148 0.0
9.304427443347368 9.33672848250185 0.0
10.78275990878659 13.547869299470356 0.0
8.314180841034224 13.622160402247335 0.0
12.447235037421425 14.13714816476813 0.0
13.898898040678414 6.703138880253809 0.0
11.110320157305615 8.80123684412889 0.0
14.36157293624531 5.968392519273651 0.0
12.018653435619855 6.597594967427125 0.0
3.014732101677531 1.8021864474899352 1.0
17.13984676504199 8.90084345022453 1.0
18.156537881733957 11.281487126464906 1.0
4.79672680579998 4.213776102468723 1.0
0.22665440721553187 3.7227166770456144 1.0
19.929184498004233 19.06298108943542 1.0
1.4852937876731187 7.177029897147175 1.0
4.978289629817121 17.344904052902706 1.0
7.531976415878539 1.1111619234428205 1.0
3.2731116902129664 3.5544118810961556 1.0
3.924567312836693 19.799229415148872 1.0
19.722260969808087 6.287738347668769 1.0
1.2208912770170088 4.8423508806873965 1.0
2.208428380749501 11.538755126168423 1.0
0.07485722957262908 0.5579786016399768 1.0
2.1558773357683525 12.64467253124496 1.0
8.00045932205634 1.6681630449483498 1.0
16.167658959564655 2.7193337689778763 1.0
8.933395056383247 1.3919844646232638 1.0
6.631964588247978 1.8680901455971632 1.0
0.5227279108138383 4.758019717492239 1.0
12.280350984755689 19.999031476837764 1.0
1.5952662125024353 17.99886474294626 1.0
18.426357997618815 11.49692958939621 1.0
6.614327415594595 1.3534457439855951 1.0
18.10232388087065 6.8643506213659204 1.0
7.278302371978036 1.4921341945841826 1.0
14.149257807814166 2.48215384862688 1.0
11.386153469624258 3.095537986894741 1.0
2.2343828799624 1.890847691158346 1.0
11.618608732076332 3.5909364424169232 1.0
2.251542209160118 7.714307146334349 1.0
17.38530266327577 8.200483203500717 1.0
18.783910624227016 13.643011744189572 1.0
7.801123589679002 19.835024319956354 1.0
16.036312147778176 10.445916731550858 1.0
4.036470812376949 2.616491347130503 1.0
15.183757118251096 5.813593702955117 1.0
2.4569191522741285 14.062744235769575 1.0
2.7187897822421347 5.804285591907632 1.0
0.7247278951240621 17.336461371404745 1.0
10.94312775576826 16.58241490984026 1.0
4.38795584132031 15.121471392449568 1.0
18.044007387118107 6.159607459367735 1.0
4.934785961424247 5.327945563125731 1.0
0.49799485386916587 2.883431945873045 1.0
11.059698726172018 19.108757594633236 1.0
16.06469900671117 13.882676770425775 1.0
5.241347550038369 5.792321125014284 1.0
5.840674060108788 14.327851485730225 1.0
18.8982009204422 1.9792136020073103 1.0
11.301987272189871 0.6256130148495043 1.0
8.820762733911653 0.7192455387994512 1.0
6.8863973460035925 1.3940097027311893 1.0
17.353439747874802 11.034045740629 1.0
17.212078323603357 14.814956308611837 1.0
16.578382425843245 17.97929484494713 1.0
13.326286964425273 17.157048213714194 1.0
19.529144503483245 15.750588171218974 1.0
4.916764532970883 1.911658423316378 1.0
14.376821997347308 1.3342165171657938 1.0
15.821645997849137 1.6248913813143973 1.0
6.916469718894282 17.75767081062596 1.0
9.08743673783001 16.986722397325803 1.0
8.695854450044498 15.952795521464989 1.0
0.7104364822342091 18.705539315074834 1.0
17.449103889370182 7.498927845536731 1.0
12.597917092867409 16.252436501890305 1.0
7.380239149722081 4.564233098896975 1.0
3.3828712120603233 19.351918058205783 1.0
8.127965206189025 3.584585120984922 1.0
0.5214520979551396 7.160854849965268 1.0
9.796355193191866 19.51273539508624 1.0
15.176116386106852 2.3868118745028277 1.0
13.359114839480725 4.106303619287386 1.0
3.4145503869418214 19.963476908017594 1.0
6.158989023888674 19.93482117611321 1.0
12.480518872706941 17.050012061907537 1.0
6.981305708247412 0.808118161096596 1.0
3.746072093895614 17.0419735488718 1.0
0.12493692987347815 5.35283629897126 1.0
4.822322299391968 19.92816550537193 1.0
15.654670039571293 12.653047007696326 1.0
0.7743275644190195 9.484671907792086 1.0
16.171796378464073 17.760343687777986 1.0
19.087588835820643 12.984186499710297 1.0
2.6980873259473115 14.487148092801913 1.0
5.13240594460161 13.954290770080654 1.0
0.392225109511779 18.99013967364137 1.0
3.081148779553051 2.117084698324574 1.0
12.56012483770444 18.979921255457885 1.0
15.017147247239384 4.2728889006053405 1.0
17.145111715153615 16.975647940217257 1.0
19.799703697005853 1.3468454358339566 1.0
0.5101978860361478 17.88035643368947 1.0
17.008508446733572 16.08150444584649 1.0
12.860728148658694 4.105458364265553 1.0
3.9496613709590656 11.83252582064781 1.0
8.038860625907686 1.5177469434255597 1.0
0.7237116445889202 19.82627365782421 1.0
9.333452330351083 19.122448896400364 1.0
17.21916995214119 0.8695378969200562 1.0
1.5348081514623835 18.208744264684466 1.0
3.1100493736356283 15.167712453410847 1.0
4.599135638861524 0.6581347475369825 1.0
2.9395325536796957 12.06376485672546 1.0
13.24983087037535 18.782548904470595 1.0
2.403640247840173 3.8639788485731263 1.0
16.670305399646516 7.745496050124796 1.0
4.95867283555687 16.303662251958038 1.0
8.121567890234703 2.139059011890865 1.0
17.847534650501046 5.566192146145932 1.0
5.810113201824447 16.6419640188185 1.0
15.966242032136545 12.214952584774903 1.0
1.916177395129457 18.0429690735607 1.0
10.25575401444317 16.50143974292388 1.0
6.863061164107414 0.13185281115486003 1.0
5.1996370343224925 1.4254125857298683 1.0
1.425352931300885 3.5224532480548865 1.0
4.9151058388972295 14.54149342209858 1.0
3.144733430419273 0.8912308291553339 1.0
0.8046082404353405 7.641199854432113 1.0
11.90550605535015 16.428775622116248 1.0
18.38648086467268 11.796311533225548 1.0
9.602409026834595 17.39368237815286 1.0
16.857195107892405 11.1651640756884 1.0
4.720841498181203 2.21130486151365 1.0
4.372611130760948 18.78906270463389 1.0
6.134954759200458 3.9787402824675655 1.0
4.8329216392389585 2.3780349305476545 1.0
17.154108135689153 9.834638338941627 1.0
14.394211086478595 5.236653640944244 1.0
18.51778173918348 2.9981993512572402 1.0
2.4745643527084926 2.832854925956161 1.0
15.503333773386052 19.602235471999418 1.0
5.386306477046259 0.7845531386027549 1.0
15.190545787285037 15.216625651761898 1.0
4.783974016554168 3.1515258638397925 1.0
19.833434115089513 15.428284622519344 1.0
10.099975396767174 2.0246219285694766 1.0
1.781198901743164 4.080384244870057 1.0
3.665607347885609 16.518184481467934 1.0
14.90323314641164 0.7197343320363436 1.0
19.403479143721512 5.6240905175221245 1.0
11.169915956256052 17.427696583521 1.0
15.09894311418659 3.4883339366678956 1.0
19.320440679340017 16.768133594017364 1.0
4.884027359069069 15.394851485501187 1.0
0.7925319135058162 7.174769970109662 1.0
1.518999688783631 19.593020345996386 1.0
19.834713920985017 18.334833174551893 1.0
3.2971518993733406 17.850756987055178 1.0
2.0443130302190626 2.9580899332761046 1.0
0.8504334683729575 8.915906091665253 1.0
0.39604387057684765 1.8021515742276883 1.0
5.066806878558645 4.45323414085959 1.0
14.862284591313742 3.6182938383788987 1.0
13.918835168745737 18.00509308375514 1.0
16.942644179577055 11.509605232044088 1.0
0.09198965909519297 3.5278973808200464 1.0
0.7257694144019866 17.0310262990366 1.0
18.528888220292256 4.44208486160198 1.0
14.429853529015187 17.636160894823863 1.0
3.041555392511772 14.187111816206981 1.0
14.224186397324184 16.27515394767834 1.0
15.082132166604346 2.0037471251224592 1.0
17.479260340088153 10.426991529783404 1.0
17.074908637127635 0.5121284198354936 1.0
19.76807593959731 8.649798632442922 1.0
8.57236231439761 17.980842278953705 1.0
19.10783771448733 1.8975650957574652 1.0
16.417249870661863 8.448464435648509 1.0
17.168691336303674 9.253600691153183 1.0
15.899703424161993 0.6685279403253697 1.0
18.45745150740608 11.334661240725426 1.0
13.196158685782546 19.619620562053466 1.0
1.0112132027098175 17.96664465464948 1.0
0.3272899101624005 18.790257253657668 1.0
11.757823036750032 19.25154576396178 1.0
5.8041088487741455 3.4876417835992757 1.0
2.4189458671092723 17.33156946778155 1.0
6.49466522949454 1.6878371596012975 1.0
5.0237440711033425 19.973544106307553 1.0
16.67697898666252 4.1347337502832175 1.0
17.016992315888906 16.833173800128264 1.0
2.0529457331549694 5.072699853086748 1.0
14.572606093094036 3.550660859177386 1.0
16.528466177511746 14.38490454946231 1.0
6.250639893508165 2.092672224037917 1.0
3.1182855332284554 17.60027726421335 1.0
13.13057473874233 16.6946530483769 1.0
7.234005368268823 16.022082388057875 1.0
1.1906493727648049 6.804629640057693 1.0
7.073883795941381 15.271251998198657 1.0
3.3420747932345285 0.9771973467645201 1.0
18.555712504470705 1.9962729467209117 1.0
0.26441453127463266 0.3394381481882691 1.0
5.776656791980194 19.259140295423858 1.0
1.3354043628856838 13.205704750794967 1.0
0.764791883383853 3.6732142015218727 1.0
1.7784259792222068 15.580341876830609 1.0
10.3658193564922 2.743731118382182 1.0
2.55590674152653 17.85230769451443 1.0
0.6085882618483485 7.0488439064864234 1.0
5.505180502728429 16.270358886298826 1.0
4.492669896468189 5.688490194950695 1.0
0.6289290796932323 7.553321160684154 1.0
2.209511642942086 7.48781174491064 1.0
17.654947119893333 16.39595024199476 1.0
1.3374231376285017 16.66994001834395 1.0
13.822980103390002 17.428769622941388 1.0
1.7366289250483358 6.182270218251937 1.0
6.350890360239574 3.5214108550018786 1.0
9.151558508595576 0.9558418111881184 1.0
6.1041475500273386 3.318264676699365 1.0
19.34222963427184 8.620343183649998 1.0
5.483881963588151 17.25841956595591 1.0
17.216054602763396 0.23847342249341485 1.0
18.466701250861867 8.76863111116301 1.0
0.7719385222849096 10.551120077741114 1.0
0.45883024279903317 11.76628710386903 1.0
7.946195364432203 16.286836498631853 1.0
19.836089313545454 3.5922259039660265 1.0
17.74736048233102 9.049597607509789 1.0
16.281377319746255 17.855607674744277 1.0
19.315061067327015 10.007056823154691 1.0
7.533338538927157 15.882016597112607 1.0
17.674429956959408 17.18114506447098 1.0
19.26653994899059 4.616057450877362 1.0
14.616621413554844 19.43483142331868 1.0
15.04508394293737 18.334264375533287 1.0
9.706812812379205 3.4826380922368916 1.0
15.902589117008434 11.735555143005874 1.0
18.89561976511255 11.007008830653064 1.0
1.3091533269931888 15.422106311636988 1.0
9.93598474162754 3.571612499117116 1.0
12.221740486120051 19.767815844396274 1.0
13.105280582084053 16.34968259367567 1.0
10.252149761214582 18.233989779016287 1.0
5.937938086525616 3.169115780784222 1.0
9.949651761206201 19.281311887696138 1.0
13.780211816659925 18.052853200536077 1.0
13.163605692725454 15.407465609222516 1.0
19.83649286341331 5.512831005884589 1.0
13.65002876083321 4.540163037418101 1.0
11.222082632691443 19.697893573728674 1.0
13.327979480676252 4.22362093373528 1.0
6.6910965363824975 1.825077743185639 1.0
18.057675222636654 16.096897187251543 1.0
1.7440354112923462 17.87779527072446 1.0
