X Y CLASS
9.033934180076459 15.026401190404766 1.0
6.451239278502465 13.191978342135801 1.0
9.408151373001637 7.962197455293898 1.0
9.25418118134403 6.60950698380629 1.0
14.973288974464971 13.280618643233748 1.0
9.46265916711859 4.408622709485441 1.0
5.307834833092571 7.068663293374611 1.0
8.387889397692803 6.235298190889386 1.0
4.904931890041371 8.772852115524962 1.0
8.836015824947216 9.47685059682254 1.0
9.298048381129167 6.621664827408424 1.0
7.432955457300345 11.679256661828468 1.0
7.389666292847322 9.130621035203516 1.0
15.710136828430372 11.742286878843373 1.0
8.845409891116976 11.84085445933439 1.0
10.129178731674351 12.804322742501919 1.0
4.9589521140692465 8.075744533406926 1.0
4.725570930824929 9.047350900125771 1.0
14.385795999365925 10.082261042935004 1.0
12.17717014108844 14.444153206925943 1.0
14.657716635433864 10.724715551167385 1.0
9.657102610917157 15.394527863136304 1.0
13.157242016091876 11.921157903324623 1.0
14.33640120567267 9.046543106502607 1.0
8.841015901804308 14.081254098076442 1.0
10.037579819306394 13.642178537339188 1.0
6.381337166319218 11.050048721940023 1.0
8.949814636236951 6.931100053617585 1.0
12.517564537440968 5.114318204898403 1.0
8.924506293095813 9.167098782401812 1.0
5.6225956201875205 8.466093940415195 1.0
4.720258426495565 10.150894463338156 1.0
10.86097978140733 13.229278642141795 1.0
14.470281301476257 10.837766956354173 1.0
10.185966265598505 4.642374664260672 1.0
11.032466197560971 12.980321073778384 1.0
9.15172897288743 11.00252837250366 1.0
10.726684414935237 14.557941340414992 1.0
6.069409517716258 5.51879682853079 1.0
7.975952595924712 5.777043483481295 1.0
8.491642858644182 9.003425178083015 1.0
10.912739369653998 15.390675112769387 1.0
9.77094774576166 11.089417781074971 0.0
11.717491713095779 4.674879115088364 1.0
13.71671534837729 11.119752476172417 0.0
10.263514282753947 4.771480238213687 1.0
6.366247082958704 6.413528520026679 0.0
4.243285774085351 9.894031480735075 0.0
10.206298191110397 4.783006430831042 1.0
7.01327884874914 9.207206369991454 0.0
10.454300667088292 14.084200411425694 0.0
10.375623598647046 5.143545197749795 0.0
6.633981254312764 5.881531456471761 0.0
12.218494258468747 12.072373714043131 0.0
7.940202685816904 6.957706188899849 0.0
11.605064697725453 10.8340593038121 0.0
11.476963842375298 5.403924399580681 0.0
9.875962213636399 6.709260718129945 0.0
5.5646543310166585 13.317663240879998 0.0
15.128681968484862 7.315040551800031 0.0
10.088289521716858 11.233032919135248 0.0
7.227268879432378 9.698898614782447 0.0
11.446450830022592 14.175044145077225 0.0
4.837744425536103 9.458646049473598 0.0
9.76840836073565 13.67356369670522 0.0
8.694363219262653 12.382405585035741 0.0
10.07307796481867 14.917471714416116 0.0
5.757867083710515 9.208565851993322 0.0
13.575216836075423 13.053367262210072 0.0
9.40637536022411 11.710776974099733 0.0
11.637794420769374 15.222553366134546 0.0
8.569215191961582 14.91087771247637 0.0
9.907274706043335 7.9047329754968505 0.0
4.921269602514489 10.7805716145983 0.0
12.965383943675073 8.533056746069583 0.0
9.812704366658005 4.698821134047552 0.0
12.885415089035943 10.246213894592023 0.0
7.596925549224737 7.286226071393507 0.0
6.356946203926976 9.300468782937305 0.0
6.479978120688761 6.718853466196537 0.0
13.731196298705912 14.405233640696895 0.0
14.098791926037293 14.30508700672352 0.0
14.450714328352262 11.249986150255785 0.0
11.866688282258792 6.310617948313788 0.0
14.323198732550939 8.716591483536927 0.0
7.464356001791758 9.392115442402126 0.0
4.424777765207455 9.340078952542578 0.0
7.741742661750612 13.288346764117431 0.0
6.664102139082719 12.701154170655437 0.0
10.535740449413362 9.56975723396633 0.0
14.71069412646126 7.798559271052659 0.0
7.790016863763682 6.639579110436095 0.0
5.95968392404969 8.714266734789453 0.0
14.026463098827843 12.36346668418622 0.0
9.439286218129164 15.10630390109775 0.0
11.388528303305057 13.36363093240205 0.0
6.231188034993296 10.791088885268373 0.0
8.104068839733005 13.455867182063832 0.0
6.903797143873842 8.54601000927579 0.0
11.82721123365602 10.989198572825678 0.0
6.553626346627888 7.900683244952744 0.0
10.373061762912046 14.52878146973613 0.0
11.930061783062005 5.119114360489947 1.0
6.466758525661131 9.626474500630014 0.0
8.591849122343122 8.03437828822253 0.0
9.586546028208097 13.058703874749684 0.0
7.083911320822529 12.876242943055086 0.0
12.39811169062869 9.973897888206029 0.0
7.6870084106713055 15.277278850079853 0.0
14.485734569381158 8.847032487794667 0.0
9.541299787333504 4.202232800115273 0.0
12.576050839980223 5.756910159550941 0.0
8.66530070926926 9.755373502271391 0.0
14.232762426212922 9.853985112544855 0.0
13.678403689063485 11.361226942611491 0.0
6.61336087498968 6.298932614752683 0.0
5.908740490331401 9.551190227989984 0.0
11.518840187509877 6.9152201574343835 0.0
12.816333777695672 6.326967887373831 0.0
12.241052654148854 10.702004475409835 0.0
15.416879430908676 8.322306510663832 0.0
14.957331947737163 9.63491118813537 0.0
13.257322649078914 9.684039077068629 0.0
8.425391317091567 10.132601769731526 0.0
9.011741235634004 12.604386397938235 0.0
11.752807229301606 12.775956982192886 0.0
11.247459665613341 12.503441730923585 0.0
10.68596728585176 8.218897642214355 0.0
7.471221867936475 11.717211210837505 0.0
9.550324074346754 7.9399436544690865 0.0
6.031503512357621 14.4113099251193 0.0
13.766640736270531 8.395721120742841 0.0
15.676176312685577 8.638480716287447 0.0
15.230886328787403 9.674946556335936 0.0
13.42245965051292 14.48301179473331 0.0
7.8155107279208424 7.569887495308665 0.0
13.685287229960759 13.961092411244863 0.0
10.33101501781654 12.04306051267557 0.0
11.688727077321918 9.947182740178418 0.0
8.337588553847441 12.8769802880234 0.0
13.830188735278465 6.950823538640341 0.0
4.073325429275954 9.725838026828914 0.0
9.158572457857101 14.090535615981798 0.0
6.4986807693528075 13.54380095919028 0.0
15.73162034144823 9.717976532811095 0.0
13.021391778171115 10.829801388029752 0.0
5.6863172606426415 10.540421601310905 0.0
4.520657657088291 9.47834296077297 0.0
8.780574948629036 4.349931026520826 0.0
9.790613881279297 14.788450866834387 0.0
6.788249058072823 6.251504430533606 0.0
9.637091708065654 10.05644983728283 0.0
5.277494670091858 11.694280656376101 0.0
11.250763774036368 13.382499641011776 0.0
6.243158107209174 11.84504872002562 0.0
14.23844882372462 12.748122325687266 0.0
12.627064374199755 8.401580190226813 0.0
9.071689374859197 5.5092379402711416 0.0
6.891472065870891 11.014302783999614 0.0
9.651578923030318 13.02911477962244 0.0
14.29432779371307 9.602113620426216 0.0
10.914338784534031 11.246625411505997 0.0
6.295572748904528 6.804114045708085 0.0
5.675554956601612 7.027186786768076 0.0
4.879207487444235 9.59465267126717 0.0
5.614652369253658 9.099656230124333 0.0
9.341924599368763 14.988636607795009 0.0
8.276166726690208 11.718708622613377 0.0
8.437890976870538 15.272558043859657 0.0
15.090922349447498 8.560336355980748 0.0
12.172655080513028 8.322844942379772 0.0
6.553554518052005 13.598316775698734 0.0
8.569471444417898 13.896725933965463 0.0
6.5917032601087255 10.302585842271357 0.0
8.891934894964923 12.537115117802406 0.0
8.779109919408175 9.735542810290145 0.0
7.859233004910378 7.108705870377559 0.0
5.400540055133865 13.146819987523699 0.0
6.981149062232992 5.5859098729931915 0.0
10.785427335667048 13.232518925838558 0.0
12.225540386628184 5.280517564182778 0.0
8.002086788220286 7.594620934715133 0.0
6.600864106674389 11.399992580360115 0.0
13.02356415500244 10.338292014477972 0.0
6.796420422097567 12.699140924984984 0.0
12.731524163436188 8.461306180878294 0.0
10.626160965687193 12.753213929553443 0.0
13.617830829794004 14.749302229970628 0.0
6.904113101657101 7.437053662159599 0.0
6.413696394298977 5.397028898211664 0.0
9.69318311736361 13.978538791568699 0.0
9.278015027049802 9.773370770522947 0.0
9.53107967336679 10.72765846848321 0.0
12.963687186444663 13.319244766075837 0.0
12.103468561507993 10.487469776016482 0.0
9.856599030880538 9.290857861029489 0.0
11.20913889681523 13.883290862866183 0.0
11.664561777112493 11.274486397613927 0.0
10.99361717608861 11.631298102434656 0.0
6.947741506985379 6.04811125046713 0.0
10.396790671041048 9.681194709937284 0.0
8.644529561846086 5.293341863264129 0.0
14.006431398974241 10.342577178457235 0.0
10.873665130804858 4.937642457577864 0.0
4.543524583287059 10.882993089831503 0.0
6.378006457136511 10.02964546010668 0.0
7.012101899590837 12.863571012341229 0.0
12.515210311430394 7.938563772962706 0.0
8.616432479574206 5.026342208922379 0.0
6.812997697190006 12.85434824088071 0.0
7.6706258307746245 9.049067668417559 0.0
11.039127259648541 7.534500736426681 0.0
7.920296276304455 14.189079426101257 0.0
7.764820291123698 11.403027481946665 0.0
12.719221024572775 12.079547050817393 0.0
14.842722054307282 11.519301151480413 0.0
7.03240754748413 12.14641953092324 0.0
9.044977297550783 5.659391997217185 0.0
7.3666166095325885 5.7973315070473745 0.0
11.886822516379713 9.978847778996407 0.0
14.93329841053757 11.418983777274097 0.0
7.74813004529034 14.283874874752861 0.0
5.605714188267199 8.745981267815097 0.0
5.026598039343764 7.739331466559487 0.0
10.747186371370798 5.805982718666334 0.0
6.77589264963548 5.208502895212237 0.0
13.58366849747977 8.896730390674602 0.0
5.283322372877446 8.547959123827658 0.0
6.038835968487186 13.519827111729363 0.0
13.579557339519358 8.657358263501603 0.0
8.708630675417144 4.564633209578053 0.0
12.751932435357961 6.303340393577348 0.0
14.585544789018424 8.006697393738493 0.0
10.004707730282949 10.554644027272236 0.0
6.201792315906758 6.687098496911661 0.0
9.182400531252263 13.239782907918212 0.0
5.605053309267989 6.517868033147405 0.0
4.44035126451142 10.277173389617527 0.0
15.099281212782412 8.923714044548273 0.0
15.589094580451004 10.28589893472695 0.0
13.27258872144382 7.0597587707024605 0.0
9.537868388844416 11.775542495054417 0.0
10.188752203188212 12.179106837658335 0.0
11.300344037325285 11.519358960018799 0.0
5.888518213651857 10.40525703974063 0.0
8.598665313039465 13.513759524366648 0.0
8.94420914577987 8.123523202966037 0.0
15.456635493270966 8.012736716191844 0.0
6.165904659142914 9.007728951376938 0.0
10.495084468102682 13.702223149315845 0.0
1.3987374578788114 0.6868521118623216 1.0
16.86653765936015 11.455794292698291 0.0
14.499942135204758 15.673708629734938 0.0
3.6555916415203327 19.356839582660534 0.0
17.678689478088454 6.6284103940703325 1.0
1.317220161580157 18.832020716788925 0.0
5.083879093262187 2.6267026342883293 0.0
18.472786725625944 12.764496413001822 0.0
2.5883254014992207 6.696539745628252 0.0
16.4370880311297 12.40951447043143 0.0
9.773294382183346 16.043983831866584 0.0
18.705669932787604 17.78911197537152 0.0
15.534154394636596 6.2391513307840025 1.0
0.09664376870957891 19.979976084953826 0.0
9.791060454374431 17.4537906697742 0.0
13.698415508446342 2.721587620386219 1.0
19.620356343272544 4.026593181102713 1.0
13.267827393603909 16.254710361265875 0.0
12.396760777159129 3.3250988500852707 1.0
1.3575440805476147 8.554795554768944 0.0
18.598334139937485 17.25885305666157 0.0
2.034492287507299 8.31115851306157 0.0
4.168389766563944 13.473830100374123 0.0
0.7855999226508059 1.5182657913122144 0.0
16.695594820396618 6.221791523855604 1.0
5.536690802096558 18.971800660111484 0.0
0.48841406030558643 7.405067916737586 0.0
18.519365004451544 15.154918838654648 0.0
16.461603810502965 2.1612837473884317 1.0
0.21947313101406296 18.576593812733776 0.0
6.172693229331951 17.147644843248887 0.0
5.356325854178441 4.86023004673015 0.0
3.530465940465999 1.0518615448615565 1.0
3.6056648990550255 7.164897169421447 0.0
3.8924827583009236 12.013884441048678 0.0
0.2995677171628941 18.085855101256946 0.0
4.37446689036376 12.15028382255803 0.0
4.544350304697494 3.6118712648094475 0.0
16.492348068547862 5.582546268434438 1.0
12.851644839250554 2.766062937849054 1.0
0.5643122534945233 17.252584035792296 0.0
2.0277158778801008 18.881212369026915 0.0
5.8120660346035 2.7176358447495064 1.0
15.420679130661748 14.3969497928256 0.0
13.990083012581279 0.9566902728529825 1.0
6.599426895997209 19.055460328709287 0.0
1.9192302505500614 9.403837052108488 0.0
15.711928391604417 14.94615196836778 0.0
0.3087297569489422 9.617628685326336 0.0
16.419173392167423 10.090378935711124 0.0
18.3203092549684 3.4988444249185657 1.0
2.051189979518886 4.02581435990172 0.0
2.6108999395856847 4.0914574488582485 0.0
15.670780885624637 6.795440822998682 1.0
10.221686682436978 0.2060365154323507 1.0
1.8809967470756472 7.896315328999517 0.0
19.76109133474768 12.689952849628853 0.0
8.204620699836296 1.9507015722632914 1.0
0.7129452051752216 13.136421391024475 0.0
11.230587907836089 2.5093379982148933 1.0
9.723162599974573 19.170669772593524 0.0
12.146757757523057 1.4264021606896882 1.0
18.29502214478453 1.0620573474379147 1.0
12.007525639896407 1.6303776818462623 1.0
19.56084487542517 8.794426830358367 1.0
19.84366003461343 2.1601345906394154 1.0
2.9573974677903814 19.40532978340355 0.0
9.228982499617619 16.054125751584934 0.0
7.177538669408472 3.195102863666406 1.0
14.44055751915522 5.035682851474754 1.0
5.800019219578047 17.65654428147053 0.0
17.733813674589655 0.3723118745508036 1.0
19.30342859520685 15.03859901358097 0.0
8.349302788980818 4.088281412227812 1.0
1.863304983511278 2.8824006802364033 0.0
4.926284410561794 6.026882789377542 1.0
7.919005927812446 19.89433015395903 1.0
16.971266570904454 7.289985599741035 1.0
7.924677431038225 4.208664237381368 1.0
4.327647199673718 2.5162271541833525 1.0
19.593896119984784 14.099722481906499 1.0
17.405178786955858 6.196448853628618 1.0
1.68628613452527 9.639470350033875 1.0
3.382693620011399 19.2471300626924 1.0
17.871619869227434 1.0612178938956918 1.0
15.605613912911185 1.7833248324271556 1.0
19.009388463636448 1.7817149508053731 1.0
17.890464432725754 1.2296584805273691 1.0
12.015645220562659 15.86372453748844 1.0
16.924130232780673 0.6067626649971092 1.0
6.247507143659867 15.784476072584832 1.0
5.854990269791244 19.486602822330003 1.0
1.578246053703889 13.785036191132981 1.0
9.71487373269457 0.19340666433707243 1.0
10.36076250734906 19.169950822865285 1.0
18.441697131769267 9.708386426475208 1.0
10.52559883143228 0.5658213550740543 1.0
4.643938138617727 4.501442318072504 1.0
1.0068684220387825 12.384759145476856 1.0
0.22140129244251128 1.2784588831997157 1.0
4.009634051949382 5.534910902237691 1.0
12.645523414786442 3.761510659442413 1.0
17.779164902865052 6.943560104533891 1.0
13.279127764489767 19.581164275846017 1.0
4.747050795387697 1.1713020068006008 1.0
19.908333609702783 5.432738387462928 1.0
0.8934675787597213 15.49320397522126 1.0
6.511251134250755 19.381494654242967 1.0
2.99835670898142 2.5286030924918146 1.0
0.4579790654944249 2.7712605300171367 1.0
3.1014888025529608 15.5420373631307 1.0
18.491664103962588 17.41530760806997 1.0
16.781951837147883 6.830556902495044 1.0
17.97745837939013 16.400848178893252 1.0
2.208501886376064 17.410254772125352 1.0
15.920955389801057 8.90935674796024 1.0
18.97813648719687 9.088245263066256 1.0
14.980883513621157 17.026801361365283 1.0
5.361824493696588 5.8749234209998775 1.0
14.384213993920007 15.777465911126514 1.0
16.56168506328203 3.453721041196398 1.0
11.884617194614219 18.163534634873507 1.0
19.21109466437177 15.912659739912074 1.0
10.793628209391226 1.9524337106879996 1.0
4.019830513558304 12.237525135615495 1.0
6.648381092890688 2.038035962815179 1.0
4.323700995330668 19.152781657050916 1.0
19.84441065236141 4.97721358389184 1.0
2.7621349363623837 14.098849250130092 1.0
17.17869766345731 2.833675695277198 1.0
4.058121153718208 12.662042009299629 1.0
10.605598001558414 18.444526696483425 1.0
13.380806004819048 3.2011329248142206 1.0
1.4444544284335303 3.0593165478191375 1.0
19.888330626402432 8.074341778783126 1.0
16.094838499709358 15.766477265804657 1.0
2.9589556535686934 9.458304505957003 1.0
14.705366718434618 1.7435700481570882 1.0
3.8987590100999103 13.455309395646006 1.0
0.5904645789942831 1.1254635272112967 1.0
5.9597944531012415 2.06434220315034 1.0
1.5850697492209598 7.337817064336578 1.0
3.1213530453055283 9.270325093283194 1.0
18.694188178773288 7.896269154803404 1.0
3.3048989394691453 13.056850700429493 1.0
4.219823006690517 15.017361742900635 1.0
14.666176252108132 15.682751347243684 1.0
17.646422821413378 9.056815217537608 1.0
17.836735032393968 8.027326436834043 1.0
4.9515589763807855 4.658103680638865 1.0
19.492770877207505 5.498221233352876 1.0
15.880013491436486 2.769800788040382 1.0
18.730332469450918 14.497008382343893 1.0
18.56696872657244 10.511069388762163 1.0
14.593402778358822 19.620567995652692 1.0
2.4285240715590684 0.3608086397490351 1.0
18.93725152515483 18.49133460461656 1.0
19.900510251054133 8.434108335948913 1.0
18.29842088778938 14.836504070130921 1.0
3.7136051069909892 19.09562699127664 1.0
2.988663208818554 13.37276775061503 1.0
5.125156217412917 16.419110119456782 1.0
15.900050106075085 6.900076581590282 1.0
15.99983899555949 16.26045680006471 1.0
14.908697390962036 13.869162481677828 1.0
2.0430495650628444 5.526672964457255 1.0
3.694570215769073 5.112924693626897 1.0
15.5580822622744 18.45855714591062 1.0
3.3828160968520615 12.977891996304823 1.0
15.48866762626924 18.707554740771354 1.0
13.070555749434956 18.768398163250325 1.0
10.959897966871651 1.5533137652526707 1.0
3.8257025852351623 12.738387395282729 1.0
2.0457982390322105 14.051561286404127 1.0
18.50110017189293 2.5735918767043175 1.0
7.107857133199291 18.24533338944044 1.0
19.41157454005617 5.242644100268484 1.0
2.9015841612220195 19.791758686123515 1.0
8.729653153217455 2.587404783994125 1.0
13.460609720029993 2.432604727825858 1.0
15.966256411717383 5.0084192565254115 1.0
6.524247343064314 18.394734605015596 1.0
16.238134205326986 10.587383891001656 1.0
19.006918536485845 18.162663181986392 1.0
19.734694631220858 4.051237099256242 1.0
14.271650403158203 15.071728951482665 1.0
15.903697676995991 12.607724361715109 1.0
16.416425853358305 13.454876070465394 1.0
4.358836181288708 7.503101777283774 1.0
8.645211557246029 3.7610489522903556 1.0
15.991646376063095 14.846542444117594 1.0
0.9707218024726583 6.747959837106481 1.0
1.9946500920391608 18.25352875488559 1.0
13.656918363365396 15.532476688590746 1.0
14.166485047036597 0.5176506422738769 1.0
8.25136240266142 2.7083390256947903 1.0
2.207758723914346 11.000808327763703 1.0
12.344166969758819 1.0600226010574332 1.0
0.8211007222681244 18.679566406833676 1.0
4.0696465883313255 17.06544120290544 1.0
0.15953382254466852 5.397266612555103 1.0
14.8076332508703 5.232338510639634 1.0
1.5231493405749874 9.758308208102944 1.0
17.85636452307646 8.313252623702024 1.0
2.357654130670188 3.670759097843823 1.0
1.3587515038185516 10.452246482853802 1.0
3.683580035797409 17.291546934785764 1.0
19.9814699370885 2.240018219760216 1.0
14.866408712694227 15.770083576215608 1.0
7.079584105976977 19.709672444903028 1.0
4.35728925022212 2.361190425210591 1.0
2.322083372611672 11.666870852157844 1.0
14.153277852792517 14.39661003543479 1.0
8.64040438430819 2.1856157180877767 1.0
16.839572055771033 7.657095692789692 1.0
15.097248934372246 18.455184392111267 1.0
5.836927610971932 17.258692420031938 1.0
1.765072724829646 4.777155326462985 1.0
11.662547575500277 1.5301416738350837 1.0
18.104475277180004 11.623136829408175 1.0
6.711990059559194 0.7004259268776902 1.0
16.479574764057404 9.610913934179822 1.0
2.253491073785747 0.5821659385342959 1.0
13.385558167888036 4.748933949863892 1.0
0.3546601471985422 8.591346015083909 1.0
16.505311603842557 12.853813715532969 1.0
3.130588017222111 11.614154943675892 1.0
12.385205781348738 2.6394354814641408 1.0
8.629477190321953 16.1238716592565 1.0
17.45967498717746 3.2105007513111117 1.0
10.725406640226998 2.818326733018688 1.0
17.312946799660413 6.416589001295689 1.0
15.386999416785176 3.782785086057312 1.0
7.906928496992716 2.113050277346018 1.0
11.646681627058005 17.052529340856395 1.0
5.833677187456885 14.537890555161203 1.0
2.8260441587230245 0.17212086690916006 1.0
1.7200624953077392 5.190398174411928 1.0
12.289594014840489 0.5201805385864389 1.0
18.427440338276444 9.789864045395847 1.0
18.2740505040729 14.129051892526816 1.0
16.49379914161214 0.9419238031887733 1.0
11.66907885331348 3.985802683114046 1.0
0.2769186809398083 5.323464573633161 1.0
7.028006500200381 0.2447884394795974 1.0
0.42771138213994586 10.272291444678483 1.0
6.389908780050093 15.356267787340784 1.0
15.528518142742485 16.71281406049895 1.0
16.464141259162762 11.080852627033895 1.0
15.992761061234182 2.807906216871894 1.0
406
